/*--------------------------------*- C++ -*----------------------------------*\
| =========                 |                                                 |
| \\      /  F ield         | OpenFOAM: The Open Source CFD Toolbox           |
|  \\    /   O peration     | Version:  5.x                                   |
|   \\  /    A nd           | Web:      www.OpenFOAM.org                      |
|    \\/     M anipulation  |                                                 |
\*---------------------------------------------------------------------------*/
FoamFile
{
    version     2.0;
    format      ascii;
    class       volScalarField;
    location    "0";
    object      thicknessFraction;
}
// * * * * * * * * * * * * * * * * * * * * * * * * * * * * * * * * * * * * * //

dimensions      [0 0 0 0 0 0 0];

internalField   uniform 0;

boundaryField
{
    inlet
    {
        type            fixedValue;
        value           uniform 0;
    }
    outlet
    {
        type            fixedValue;
        value           uniform 0;
    }
    top
    {
        type            symmetryPlane;
    }
    bottom
    {
        type            symmetryPlane;
    }
    back
    {
        type            empty;
    }
    front
    {
        type            empty;
    }
    Surface1
    {
        type            fixedValue;
        value           nonuniform List<scalar> 
404
(
0.999994
0.994518
1.00001
1.00001
0.999995
0.999995
0.999999
0.999999
0.999993
0.996395
1
0.999989
0.999997
0.996384
1.00001
0.999979
1.00001
0.999987
0.999918
0.999913
0.999916
0.999911
1
1
0.999993
1
1
0.999993
1
1
0.999997
0.999997
1
0.999997
0.999997
1
1
0.999989
0.999426
0.999965
0.999994
0.999422
1
1
1
1
0.998315
0.988532
0.988908
0.998232
0.998319
0.988533
0.988909
0.998232
1
0.999999
1
0.999999
1
1
1
1
1
1
1
1
0.999966
0.999987
0.999926
0.999642
0.99996
1
1
1
1
1
1
1
1
0.999993
1.00001
0.999992
0.999996
1.00003
1.00002
0.999997
1.00004
0.999635
0.999926
0.999958
1.00001
0.999991
0.999985
1
1
0.999991
0.999991
1
1.00001
0.999988
1
1
0.999991
1.00001
0.999609
0.999917
0.998417
0.989231
0.998427
0.989097
0.999915
0.999678
0.998412
0.989225
0.99842
0.989092
0.999607
0.999914
0.999673
0.999911
0.999977
0.999977
0.999977
1
1
1
1
0.999995
0.999994
1
1
1
1
1
1
1
1
1
1
1.00001
1
1
0.999994
0.999994
1
1
0.999996
0.999995
1
0.999998
1
0.999999
1
1
1
0.999995
0.999996
0.999998
1
1
1
0.999999
0.999993
0.99999
1.00002
1
0.999997
0.999997
0.999957
1
1.00002
0.99999
1.00004
0.999994
1.00002
1.00005
1.00002
1.00001
0.999957
1.00001
0.994558
0.975824
0.975692
0.99552
0.995494
0.98147
0.423765
0.419148
0.419704
0.423977
0.981506
0.996048
0.99603
0.978658
0.924941
0.917807
0.917614
0.925009
0.97864
0.929637
0.931118
0.98
0.980073
0.931271
0.929714
0.999984
1
1.00001
0.999979
0.999999
1
1
0.999982
1.00001
0.999984
1
0.999984
1.00001
1
1.00001
0.999987
1
1
0.999966
0.999993
0.999967
0.999993
0.999999
1
1
0.999997
1
0.999998
1
1
1
0.999996
1
1
0.999221
0.999992
0.999995
1.00001
1
0.999986
0.999998
0.999936
1.00001
1.00001
0.999214
1.00001
1.00001
1.00002
0.99999
1.00003
1
0.999996
0.999978
0.999987
1.00003
1
0.999959
0.999995
1.00001
1.00001
0.999979
0.999987
0.999994
0.999979
0.999991
0.999991
1.00001
0.999999
0.999986
0.999996
0.999936
0.999896
0.999992
0.999646
0.999999
0.999964
0.999993
0.999984
1
1
1
0.999993
0.99999
0.999992
1.00001
0.999991
0.99997
1
1
0.999946
1.00001
0.999995
1.00003
0.999986
0.999994
0.999966
1.00001
0.99998
0.99964
0.999895
0.999992
0.999961
0.999999
0.999982
0.999991
0.999962
0.999997
0.999976
1.00001
0.999997
1
1
1
0.999991
0.99999
0.999998
1
1.00001
1
0.99964
0.999679
0.999987
0.999639
0.999673
0.999987
1.00001
0.999986
0.99997
0.999976
1.00002
0.999991
0.999958
1.00001
0.999987
0.999972
1.00002
0.999995
0.999976
1.00001
1
0.999994
0.999997
0.999991
0.999999
0.999998
1
1
0.999997
0.999991
0.999999
0.999994
0.999998
0.999997
0.999997
0.999997
1
0.999995
0.999996
0.999993
1
1
0.999999
1
1
1
0.999998
0.999998
1
1
1
0.999995
0.999996
0.999994
1
1
0.999999
1
1
1
0.999997
0.999996
1
1
0.99999
1.00001
0.999992
0.999994
0.999922
0.999943
0.999968
1.00002
0.99997
1
1
0.999946
0.999922
0.999943
0.999968
1.00002
)
;
    }
    Surface2
    {
        type            fixedValue;
        value           nonuniform List<scalar> 
404
(
0.999999
0.999995
0.999995
1.00001
1.00001
0.999996
0.999996
0.999999
1
1.00001
0.999985
0.999964
0.999995
0.999996
0.999998
1
0.999993
0.999998
1
1
1
1
0.999995
1
0.999999
0.999995
1.00001
0.999986
1.00001
0.999986
0.996392
1.00001
0.999981
0.996407
1.00001
0.999981
1.00001
0.999985
0.999916
0.999908
0.999965
0.999994
1
1
1
1
0.999968
0.99998
0.999988
0.999968
0.999994
0.999942
0.99998
0.999988
1
1.00001
1
0.999999
0.999999
1
1
1
0.999421
0.999429
1
1
0.998292
0.988428
0.9888
0.998218
0.998294
0.988429
0.988803
0.998218
1
1
1
1
1
1
1
0.999996
0.999992
1
1
0.999987
0.999976
1.00001
0.999988
1.00001
0.999976
0.999991
1.00002
1.00001
0.999985
0.999991
0.999996
0.999996
0.999967
0.999992
1.00001
0.999972
1.00003
0.999987
1.00002
0.999996
0.999987
0.999993
0.999996
0.999996
0.999967
0.999995
1
1.00001
1
1.00001
0.999996
0.999994
0.999995
1
1
1
1
1
1
1
1
1
1.00001
1.00001
1
0.999996
0.999994
1
1
0.999999
1
1
1
1
1
0.999999
1
1
1
1.00001
1.00001
0.999994
0.999994
0.999991
0.999995
0.999994
1
1
1
1
1
1.00001
1
1.00001
0.999994
0.999995
0.999992
0.999996
0.999999
0.999995
0.999994
1
0.999991
0.999992
1
0.999988
0.999926
0.999641
0.999959
1.00001
0.999993
0.999985
0.999637
0.999927
0.999958
0.999991
0.99998
0.999986
1
1
0.999997
0.999991
1
0.999988
0.999614
0.999917
0.998381
0.989118
0.99839
0.988984
0.999913
0.999659
0.998376
0.989116
0.998383
0.988985
0.999612
0.999654
1.00001
0.999988
0.99451
0.994589
0.975966
0.975655
0.995489
0.995543
0.981537
0.424174
0.420112
0.419074
0.423865
0.981525
0.99603
0.996064
0.97877
0.925395
0.91837
0.917415
0.924898
0.978625
0.929904
0.931467
0.980095
0.980071
0.931246
0.929793
0.999996
0.999992
1
1
1
0.999999
1
1
1
1
1
1
0.999996
1
1
1
0.999985
1
0.99998
1.00002
0.999986
1
0.999982
1.00002
1
1
0.999919
0.99991
0.999994
0.999999
1
0.999985
0.999973
1.00002
1
0.999983
0.99995
0.999941
1
1
0.999996
0.999994
1.00001
1
1
0.999996
0.999992
1.00001
1
1
0.999995
0.999212
1.00001
0.999224
1.00001
1.00001
0.999983
0.999974
1.00002
0.999999
0.999982
0.999951
0.999996
1
1
1
1
1
1
0.999999
1
1
0.999994
0.999979
0.999982
1.00001
1.00003
1.00004
0.999974
1.00001
1
0.999954
0.999941
0.999965
0.999978
0.999994
1.00004
0.999975
1.00001
1
0.999954
0.99994
0.999963
0.999976
0.999997
0.999998
0.999996
0.999998
0.999996
1
1
0.999996
0.999998
0.999996
0.999998
0.999996
1
1
1
1
1
0.999998
1
1
1
1
1
1
1
0.99999
0.999993
0.999985
0.999988
0.999986
0.999996
0.999988
0.999994
0.999986
0.999987
0.999998
0.999988
0.999896
0.999992
0.999646
0.999999
0.999962
1.00003
1.00001
0.999994
0.999985
0.999993
0.999963
0.999978
1.00001
0.999642
0.999898
0.999993
0.99996
0.999998
0.999991
1.00003
1.00001
0.999997
0.99996
0.999974
1.00001
1
0.999999
1
1
0.999636
0.999662
0.999913
0.999977
0.999908
0.999632
0.999656
0.999997
0.99998
1.00001
1.00003
0.999982
)
;
    }
    Surface3
    {
        type            fixedValue;
        value           nonuniform List<scalar> 
404
(
0.999994
0.994518
1.00001
1.00001
0.999995
0.999995
0.999999
0.999999
0.999993
0.996395
1
0.999989
0.999997
0.996384
1.00001
0.999979
1.00001
0.999987
0.999918
0.999913
0.999916
0.999911
1
1
0.999993
1
1
0.999993
1
1
0.999997
0.999997
1
0.999997
0.999997
1
1
0.999989
0.999426
0.999965
0.999994
0.999422
1
1
1
1
0.998315
0.988532
0.988908
0.998232
0.998319
0.988533
0.988909
0.998232
1
0.999999
1
0.999999
1
1
1
1
1
1
1
1
0.999966
0.999987
0.999926
0.999642
0.99996
1
1
1
1
1
1
1
1
0.999993
1.00001
0.999992
0.999996
1.00003
1.00002
0.999997
1.00004
0.999635
0.999926
0.999958
1.00001
0.999991
0.999985
1
1
0.999991
0.999991
1
1.00001
0.999988
1
1
0.999991
1.00001
0.999609
0.999917
0.998416
0.989231
0.998427
0.989097
0.999915
0.999678
0.998412
0.989225
0.99842
0.989092
0.999607
0.999914
0.999673
0.999911
0.999977
0.999977
0.999977
1
1
1
1
0.999995
0.999994
1
1
1
1
1
1
1
1
1
1
1.00001
1
1
0.999994
0.999994
1
1
0.999996
0.999995
1
0.999998
1
0.999999
1
1
1
0.999995
0.999996
0.999998
1
1
1
0.999999
0.999993
0.99999
1.00002
1
0.999997
0.999997
0.999957
1
1.00002
0.99999
1.00004
0.999994
1.00002
1.00005
1.00002
1.00001
0.999957
1.00001
0.994558
0.975824
0.975692
0.99552
0.995494
0.98147
0.423765
0.419148
0.419704
0.423977
0.981506
0.996048
0.99603
0.978658
0.924941
0.917807
0.917614
0.925009
0.97864
0.929637
0.931118
0.98
0.980073
0.931271
0.929714
0.999984
1
1.00001
0.999979
0.999999
1
1
0.999982
1.00001
0.999984
1
0.999984
1.00001
1
1.00001
0.999987
1
1
0.999966
0.999993
0.999967
0.999993
0.999999
1
1
0.999997
1
0.999998
1
1
1
0.999996
1
1
0.999221
0.999992
0.999995
1.00001
1
0.999986
0.999998
0.999936
1.00001
1.00001
0.999214
1.00001
1.00001
1.00002
0.99999
1.00003
1
0.999996
0.999978
0.999987
1.00003
1
0.999959
0.999995
1.00001
1.00001
0.999979
0.999987
0.999994
0.999979
0.999991
0.999991
1.00001
0.999999
0.999986
0.999996
0.999936
0.999896
0.999992
0.999646
0.999999
0.999964
0.999993
0.999984
1
1
1
0.999993
0.99999
0.999992
1.00001
0.999991
0.99997
1
1
0.999946
1.00001
0.999995
1.00003
0.999986
0.999994
0.999966
1.00001
0.99998
0.99964
0.999895
0.999992
0.999961
0.999999
0.999982
0.999991
0.999962
0.999997
0.999976
1.00001
0.999997
1
1
1
0.999991
0.99999
0.999998
1
1.00001
1
0.99964
0.999679
0.999987
0.999639
0.999673
0.999987
1.00001
0.999986
0.99997
0.999976
1.00002
0.999991
0.999958
1.00001
0.999987
0.999972
1.00002
0.999995
0.999976
1.00001
1
0.999994
0.999997
0.999991
0.999999
0.999998
1
1
0.999997
0.999991
0.999999
0.999994
0.999998
0.999997
0.999997
0.999997
1
0.999995
0.999996
0.999993
1
1
0.999999
1
1
1
0.999998
0.999998
1
1
1
0.999995
0.999996
0.999994
1
1
0.999999
1
1
1
0.999997
0.999996
1
1
0.99999
1.00001
0.999992
0.999994
0.999922
0.999943
0.999968
1.00002
0.99997
1
1
0.999946
0.999922
0.999943
0.999968
1.00002
)
;
    }
    Surface4
    {
        type            fixedValue;
        value           nonuniform List<scalar> 
808
(
0.999994
1
1.00001
0.99451
0.994589
1.00001
1.00001
0.999995
0.999995
0.999999
0.999999
0.999995
0.999997
0.999997
1
1.00001
0.999985
0.996395
1
0.999989
0.999997
1
0.999964
0.999995
0.999998
1
0.999993
0.999998
1
0.996392
1.00001
0.999981
1.00001
0.999981
1.00001
0.999985
0.996384
1.00001
0.999979
1.00001
0.999987
0.999918
0.999913
0.999916
0.999911
0.999966
1
1
0.999993
1
1
0.999993
1
1
0.999997
0.999997
1
0.999997
0.999997
1
1
0.999989
0.999997
0.999996
0.999996
1
1
1
0.999995
1
0.999999
0.999995
1.00001
0.999986
1.00001
0.999986
0.999908
1
1
0.999426
0.999965
0.999994
1
1
1
1
1
0.999999
1.00001
0.999421
0.999429
1
1
0.999422
1
1
1
1
0.998315
0.988533
0.988909
0.998232
0.998319
0.988534
0.98891
0.998233
1
0.999999
1
0.999999
1.00001
1
1
1
1
1
1
1
0.999966
0.999968
0.999994
0.999941
0.999968
0.999994
0.999942
0.99998
0.999988
0.99998
0.999988
0.999999
1
1
1
0.998292
0.988427
0.988799
0.998218
0.998294
0.988428
0.988802
0.998218
1
1
0.999996
0.999992
1
0.999987
0.999926
0.999642
0.99996
1
1
1
1
1
1
1
0.999995
1
0.999993
1.00001
0.999992
0.999996
1.00003
1.00002
0.999997
1.00004
1
1
1
1
1
0.999976
0.999988
1
1.00001
1
1.00001
0.999996
0.999994
0.999995
0.999996
0.999998
1
1
1
1
1
1
1
1
1
1.00001
1.00001
1
0.999996
0.999994
0.999996
0.999996
1
1
1
1
1
1
1
0.999999
1
0.999926
0.999641
0.99603
0.999959
0.999993
1.00001
0.999985
0.999985
0.999993
0.999637
0.999927
0.999958
1.00001
0.999991
1.00001
0.999986
0.999991
1
1
0.999997
0.999991
1
1
0.999988
0.999986
0.999994
0.999635
0.999926
0.999958
1.00001
0.999991
0.999985
1
1
0.999991
0.999991
1.00001
1
1
1
0.999991
1.00001
0.99999
1
0.999609
0.999917
0.998417
0.989232
0.998428
0.989098
0.999915
0.999679
0.998412
0.989226
0.99842
0.989093
0.999607
0.999914
0.999673
0.999911
0.999977
1
1
1
1.00001
1
1
0.999995
0.999994
1
1
1
1
1
1
1
1
1
1.00001
1
0.999994
0.999994
1
1
0.999996
0.999995
0.999998
1
1
1
0.999995
0.999996
1
0.999998
1
1
1
1
0.999999
0.99999
1.00002
1
0.999957
1
1.00002
0.99999
1.00004
0.999994
1.00002
1.00002
1.00001
0.999997
0.999957
1.00001
1.00001
0.999976
1.00002
0.999991
1.00001
0.999996
1.00001
0.999972
1.00003
0.999987
1.00002
0.999996
0.999985
0.999991
0.999996
0.999996
0.999967
0.999992
0.999987
0.999993
0.999996
0.999996
0.999967
0.999995
1
1
1.00001
0.999994
0.999994
0.999991
0.999996
0.999995
0.999994
1
1
1
1
1.00001
1
1.00001
0.999994
0.999995
0.999992
0.999996
0.999999
0.999995
0.999994
1
0.999991
0.999992
1
0.999988
0.999614
0.998381
0.989117
0.998389
0.988983
0.999659
0.998376
0.989115
0.998383
0.988984
0.999612
0.999654
0.999908
0.999974
0.999977
0.999988
0.975966
0.975655
0.996407
0.995489
0.995543
0.981537
0.424174
0.420112
0.419073
0.423865
0.981525
0.996064
0.97877
0.925394
0.91837
0.917415
0.924898
0.978624
0.929903
0.931467
0.980095
0.980071
0.931246
0.929793
0.994558
0.994518
0.975824
0.975692
0.99552
0.995494
0.98147
0.423765
0.419148
0.419704
0.423977
0.981506
0.996048
0.99603
0.978658
0.924941
0.917807
0.917614
0.925009
0.97864
0.929637
0.931118
0.98
0.980073
0.931271
0.929714
1.00001
0.999995
0.999993
1
1
0.999984
1
1.00001
0.999979
0.999987
0.999999
1
1
0.999992
1
1
0.999999
1
1
0.999999
1
0.999985
1
0.99998
1.00002
0.999986
1
0.999982
1.00002
1
0.999982
1.00001
0.999984
1
0.999984
1.00001
1
1.00001
1
0.999993
0.999967
0.999993
0.999999
1
1
1
1
0.999998
1
1
0.999996
1
1
1
1.00001
1
1
1
1
1
0.999919
0.99991
0.999916
0.999965
0.999994
0.999221
0.999992
1.00001
1
0.999986
0.999998
0.999936
0.999999
0.999985
0.999973
1.00002
1
0.999983
1.00001
0.999212
1.00001
1.00003
1.00001
0.999224
1.00001
1.00001
1.00001
0.999214
1.00001
1.00001
1.00002
0.999977
0.99999
1.00003
1
0.999958
0.999996
0.999978
0.999987
1.00003
1
0.999959
0.999995
1.00001
0.999979
0.999987
0.999994
0.999979
0.999987
1
0.999991
0.999991
1.00001
0.999999
0.999986
0.999936
1
0.999996
0.999994
1.00001
1
1
0.999996
0.999992
1.00001
1
1
0.999995
0.999983
1.00002
0.999999
0.999982
1
0.999999
1
1
0.999896
0.999992
0.999646
0.999999
0.999964
0.999993
0.999984
0.999988
1
1
1
0.999993
0.99999
0.999992
1.00001
0.999991
0.99997
1
1
0.999946
1
1
1
1
1
0.999994
1.00001
0.999979
0.999982
1.00001
1.00003
0.99995
0.999998
0.999996
1
1
1
0.999998
0.999998
0.999996
1
1
0.999896
0.999992
0.999646
0.999999
0.999962
0.999994
0.999963
0.999978
1.00001
0.999642
0.999898
0.999993
0.99996
0.999998
0.99998
1.00003
0.999997
0.99996
0.999974
1.00001
1
0.999999
1
1
1.00001
0.999995
1.00003
0.99998
0.999966
1.00001
0.99964
0.999895
0.999992
0.999961
0.999999
0.999982
0.999991
0.999997
0.999962
0.999976
1.00001
0.999997
1
1
1
0.999991
0.999998
1
1.00001
1
0.99964
0.999679
0.999977
0.999987
0.999639
0.999673
0.999987
1.00001
0.999986
0.99997
0.999976
0.999991
1.00002
1.00001
0.999987
0.999972
0.999995
0.999976
1.00002
0.999994
0.999991
0.999999
0.999997
0.999998
1
1
1
1
1
0.999994
0.999997
0.999991
0.999999
0.999998
0.999997
0.999997
0.999997
0.999997
1
0.999995
0.999996
0.999993
1
1
0.999999
1
1
0.999999
1
0.999998
0.999998
1
0.999997
1
0.999995
0.999996
0.999994
1
0.999999
1
1
1
0.999996
1
1
1
0.999993
0.99999
1.00001
0.999992
0.999996
0.999994
0.999922
0.999943
0.999968
1.00002
1.00005
0.99997
1
1
0.999946
0.999922
0.999943
0.999968
1.00002
1.00004
0.999974
1.00001
1
0.999954
1.00004
0.999975
1.00001
1
0.999954
0.999941
0.999965
0.999978
0.999994
0.99994
0.999963
0.999976
0.999997
1
1
1
0.999998
1
1
1
1
1
1
1
0.99999
0.999993
0.999985
0.999988
0.999986
0.999996
0.999988
0.999994
0.999986
0.999987
0.999998
0.999988
0.999917
0.999913
0.999636
0.999662
0.999913
0.999632
0.999656
0.999997
1.00001
0.99998
1.00001
0.999982
0.999951
1.00003
)
;
    }
}


// ************************************************************************* //
