/*--------------------------------*- C++ -*----------------------------------*\
| =========                 |                                                 |
| \\      /  F ield         | OpenFOAM: The Open Source CFD Toolbox           |
|  \\    /   O peration     | Version:  5.x                                   |
|   \\  /    A nd           | Web:      www.OpenFOAM.org                      |
|    \\/     M anipulation  |                                                 |
\*---------------------------------------------------------------------------*/
FoamFile
{
    version     2.0;
    format      ascii;
    class       volScalarField;
    location    "0";
    object      thickness;
}
// * * * * * * * * * * * * * * * * * * * * * * * * * * * * * * * * * * * * * //

dimensions      [0 0 0 0 0 0 0];

internalField   uniform 0;

boundaryField
{
    inlet
    {
        type            fixedValue;
        value           uniform 0;
    }
    outlet
    {
        type            fixedValue;
        value           uniform 0;
    }
    top
    {
        type            symmetryPlane;
    }
    bottom
    {
        type            symmetryPlane;
    }
    back
    {
        type            empty;
    }
    front
    {
        type            empty;
    }
    Surface1
    {
        type            fixedValue;
        value           nonuniform List<scalar> 
404
(
0.000563219
0.000560135
0.000563226
0.000563226
0.00056322
0.00056322
0.000563222
0.000563222
0.000563219
0.000561192
0.000563224
0.000563217
0.000563221
0.000561186
0.000563229
0.000563211
0.000563226
0.000563215
0.000563176
0.000563174
0.000563175
0.000563173
0.000563223
0.000563223
0.000563219
0.000563223
0.000563223
0.000563219
0.000563225
0.000563225
0.000563221
0.000563221
0.000563224
0.000563221
0.000563221
0.000563224
0.000563224
0.000563216
0.000562899
0.000563203
0.000563219
0.000562897
0.000563223
0.000563222
0.000563223
0.000563222
0.000562274
0.000556764
0.000556975
0.000562227
0.000562276
0.000556764
0.000556976
0.000562227
0.000563224
0.000563222
0.000563224
0.000563222
0.000563223
0.000563223
0.000563223
0.000563224
0.000563224
0.000563223
0.000563224
0.000563224
0.000563203
0.000563215
0.000563181
0.000563021
0.0005632
0.000563223
0.000563223
0.000563223
0.000563223
0.000563223
0.000563222
0.000563223
0.000563224
0.000563218
0.000563229
0.000563218
0.00056322
0.000563242
0.000563231
0.000563221
0.000563247
0.000563017
0.000563181
0.000563199
0.000563229
0.000563218
0.000563214
0.000563223
0.000563223
0.000563217
0.000563217
0.000563223
0.000563227
0.000563216
0.000563223
0.000563223
0.000563218
0.000563227
0.000563002
0.000563176
0.000562331
0.000557157
0.000562337
0.000557082
0.000563175
0.000563041
0.000562328
0.000557154
0.000562333
0.000557079
0.000563001
0.000563174
0.000563039
0.000563172
0.00056321
0.000563209
0.00056321
0.000563223
0.000563223
0.000563223
0.000563224
0.00056322
0.000563219
0.000563223
0.000563223
0.000563223
0.000563223
0.000563223
0.000563222
0.000563223
0.000563223
0.000563223
0.000563223
0.000563227
0.000563224
0.000563225
0.000563219
0.000563219
0.000563223
0.000563224
0.00056322
0.00056322
0.000563222
0.000563222
0.000563223
0.000563222
0.000563223
0.000563223
0.000563223
0.00056322
0.00056322
0.000563222
0.000563223
0.000563223
0.000563223
0.000563222
0.000563218
0.000563217
0.000563232
0.000563224
0.000563221
0.000563221
0.000563198
0.000563223
0.000563232
0.000563217
0.000563245
0.000563219
0.000563235
0.00056325
0.000563235
0.000563227
0.000563198
0.000563226
0.000560158
0.000549606
0.000549532
0.000560699
0.000560685
0.000552786
0.000334144
0.000330503
0.000330942
0.000334311
0.000552806
0.000560997
0.000560987
0.000551202
0.000520948
0.00051693
0.000516821
0.000520986
0.000551192
0.000523593
0.000524427
0.000551958
0.000551999
0.000524513
0.000523636
0.000563213
0.000563224
0.000563231
0.000563211
0.000563222
0.000563222
0.000563223
0.000563212
0.000563231
0.000563214
0.000563223
0.000563213
0.000563231
0.000563223
0.000563226
0.000563215
0.000563223
0.000563223
0.000563204
0.000563219
0.000563204
0.000563218
0.000563222
0.000563222
0.000563223
0.000563221
0.000563223
0.000563221
0.000563225
0.000563222
0.000563223
0.00056322
0.000563223
0.000563225
0.000562784
0.000563218
0.00056322
0.000563228
0.000563222
0.000563215
0.000563222
0.000563186
0.000563228
0.00056323
0.00056278
0.00056323
0.000563229
0.000563236
0.000563217
0.000563238
0.000563224
0.00056322
0.00056321
0.000563216
0.000563237
0.000563222
0.000563199
0.00056322
0.000563227
0.000563227
0.000563211
0.000563215
0.000563219
0.000563211
0.000563217
0.000563218
0.000563228
0.000563222
0.000563215
0.000563221
0.000563187
0.000563164
0.000563218
0.000563023
0.000563222
0.000563202
0.000563219
0.000563214
0.000563223
0.000563223
0.000563222
0.000563218
0.000563217
0.000563218
0.000563226
0.000563218
0.000563205
0.000563223
0.000563223
0.000563192
0.000563229
0.00056322
0.000563237
0.000563214
0.000563219
0.000563203
0.000563227
0.000563211
0.00056302
0.000563163
0.000563218
0.000563201
0.000563222
0.000563212
0.000563218
0.000563201
0.000563221
0.000563209
0.000563228
0.000563221
0.000563223
0.000563225
0.000563223
0.000563217
0.000563217
0.000563222
0.000563223
0.000563226
0.000563223
0.00056302
0.000563042
0.000563215
0.000563019
0.000563038
0.000563215
0.000563225
0.000563214
0.000563206
0.000563209
0.000563232
0.000563218
0.000563199
0.000563227
0.000563215
0.000563207
0.000563233
0.00056322
0.000563209
0.000563227
0.000563224
0.000563219
0.000563221
0.000563218
0.000563222
0.000563221
0.000563223
0.000563223
0.000563221
0.000563218
0.000563222
0.000563219
0.000563222
0.000563221
0.000563221
0.000563221
0.000563225
0.00056322
0.00056322
0.000563219
0.000563223
0.000563223
0.000563222
0.000563222
0.000563222
0.000563223
0.000563221
0.000563221
0.000563224
0.000563223
0.000563225
0.00056322
0.000563221
0.000563219
0.000563223
0.000563222
0.000563222
0.000563222
0.000563222
0.000563223
0.000563221
0.00056322
0.000563224
0.000563224
0.000563217
0.000563227
0.000563218
0.000563219
0.000563179
0.000563191
0.000563205
0.000563231
0.000563206
0.000563224
0.000563223
0.000563192
0.000563179
0.00056319
0.000563205
0.000563234
)
;
    }
    Surface2
    {
        type            fixedValue;
        value           nonuniform List<scalar> 
404
(
0.000563222
0.00056322
0.00056322
0.000563226
0.000563226
0.00056322
0.000563221
0.000563222
0.000563224
0.000563228
0.000563214
0.000563202
0.00056322
0.00056322
0.000563222
0.000563223
0.000563219
0.000563222
0.000563223
0.000563224
0.000563224
0.000563222
0.00056322
0.000563224
0.000563222
0.00056322
0.000563226
0.000563215
0.000563225
0.000563215
0.000561191
0.000563229
0.000563212
0.000561199
0.000563228
0.000563212
0.000563227
0.000563214
0.000563175
0.000563171
0.000563203
0.000563219
0.000563222
0.000563223
0.000563223
0.000563223
0.000563204
0.000563211
0.000563216
0.000563205
0.000563219
0.00056319
0.000563211
0.000563216
0.000563223
0.000563226
0.000563223
0.000563222
0.000563222
0.000563222
0.000563222
0.000563223
0.000562897
0.000562901
0.000563223
0.000563223
0.00056226
0.000556705
0.000556914
0.000562219
0.000562262
0.000556705
0.000556916
0.000562219
0.000563222
0.000563223
0.000563223
0.000563223
0.000563223
0.000563223
0.000563223
0.000563221
0.000563218
0.000563223
0.000563224
0.000563215
0.000563209
0.000563228
0.000563216
0.000563227
0.000563209
0.000563218
0.000563236
0.000563229
0.000563214
0.000563218
0.00056322
0.00056322
0.000563204
0.000563218
0.000563229
0.000563207
0.000563238
0.000563215
0.000563233
0.00056322
0.000563215
0.000563219
0.00056322
0.00056322
0.000563204
0.00056322
0.000563224
0.000563226
0.000563224
0.000563226
0.00056322
0.000563219
0.00056322
0.000563223
0.000563223
0.000563222
0.000563223
0.000563222
0.000563223
0.000563222
0.000563223
0.000563224
0.000563226
0.000563226
0.000563224
0.00056322
0.000563219
0.000563223
0.000563223
0.000563222
0.000563222
0.000563224
0.000563223
0.000563223
0.000563223
0.000563222
0.000563223
0.000563223
0.000563223
0.000563226
0.000563227
0.000563219
0.000563219
0.000563217
0.00056322
0.000563219
0.000563223
0.000563223
0.000563223
0.000563223
0.000563223
0.000563227
0.000563223
0.000563226
0.000563219
0.000563219
0.000563218
0.000563221
0.000563222
0.00056322
0.000563219
0.000563224
0.000563217
0.000563218
0.000563223
0.000563216
0.000563181
0.00056302
0.0005632
0.000563231
0.000563219
0.000563214
0.000563018
0.000563182
0.000563199
0.000563218
0.000563212
0.000563215
0.000563223
0.000563223
0.000563221
0.000563218
0.000563224
0.000563216
0.000563005
0.000563176
0.000562311
0.000557094
0.000562316
0.000557018
0.000563174
0.00056303
0.000562308
0.000557092
0.000562312
0.000557018
0.000563004
0.000563028
0.00056323
0.000563216
0.000560131
0.000560175
0.000549686
0.000549511
0.000560682
0.000560712
0.000552824
0.000334466
0.000331263
0.000330444
0.000334223
0.000552817
0.000560987
0.000561006
0.000551266
0.000521203
0.000517247
0.000516709
0.000520924
0.000551183
0.000523743
0.000524623
0.000552012
0.000551998
0.000524499
0.000523681
0.00056322
0.000563218
0.000563223
0.000563223
0.000563223
0.000563222
0.000563224
0.000563222
0.000563223
0.000563222
0.000563223
0.000563223
0.00056322
0.000563223
0.000563224
0.000563223
0.000563214
0.000563223
0.000563211
0.000563232
0.000563215
0.000563223
0.000563212
0.000563232
0.000563223
0.000563223
0.000563177
0.000563172
0.000563219
0.000563222
0.000563223
0.000563214
0.000563208
0.000563233
0.000563223
0.000563213
0.000563194
0.000563189
0.000563225
0.000563223
0.00056322
0.000563219
0.000563231
0.000563224
0.000563225
0.00056322
0.000563218
0.00056323
0.000563223
0.000563223
0.00056322
0.000562779
0.000563229
0.000562786
0.00056323
0.000563229
0.000563213
0.000563208
0.000563232
0.000563222
0.000563213
0.000563195
0.00056322
0.000563222
0.000563223
0.000563223
0.000563223
0.000563223
0.000563222
0.000563222
0.000563223
0.000563223
0.000563219
0.00056321
0.000563213
0.000563226
0.000563238
0.000563243
0.000563208
0.000563229
0.000563224
0.000563197
0.00056319
0.000563203
0.00056321
0.000563219
0.000563246
0.000563208
0.000563228
0.000563223
0.000563197
0.000563189
0.000563202
0.000563209
0.000563221
0.000563221
0.00056322
0.000563221
0.00056322
0.000563223
0.000563222
0.00056322
0.000563221
0.00056322
0.000563221
0.00056322
0.000563223
0.000563222
0.000563223
0.000563223
0.000563223
0.000563221
0.000563223
0.000563223
0.000563223
0.000563223
0.000563223
0.000563223
0.000563223
0.000563217
0.000563219
0.000563214
0.000563216
0.000563214
0.00056322
0.000563216
0.000563219
0.000563215
0.000563215
0.000563222
0.000563216
0.000563164
0.000563218
0.000563023
0.000563222
0.000563201
0.000563238
0.000563229
0.000563219
0.000563214
0.000563219
0.000563202
0.00056321
0.000563228
0.000563021
0.000563165
0.000563219
0.0005632
0.000563221
0.000563217
0.000563237
0.00056323
0.000563221
0.0005632
0.000563208
0.000563228
0.000563222
0.000563222
0.000563223
0.000563223
0.000563017
0.000563032
0.000563174
0.00056321
0.000563171
0.000563016
0.000563029
0.000563221
0.000563211
0.000563229
0.00056324
0.000563212
)
;
    }
    Surface3
    {
        type            fixedValue;
        value           nonuniform List<scalar> 
404
(
0.000563219
0.000560135
0.000563226
0.000563226
0.00056322
0.00056322
0.000563222
0.000563222
0.000563219
0.000561192
0.000563224
0.000563217
0.000563221
0.000561186
0.000563229
0.000563211
0.000563226
0.000563215
0.000563176
0.000563174
0.000563175
0.000563173
0.000563223
0.000563223
0.000563219
0.000563223
0.000563223
0.000563219
0.000563225
0.000563225
0.000563221
0.000563221
0.000563224
0.000563221
0.000563221
0.000563224
0.000563224
0.000563216
0.000562899
0.000563203
0.000563219
0.000562897
0.000563223
0.000563222
0.000563223
0.000563222
0.000562273
0.000556764
0.000556975
0.000562227
0.000562276
0.000556764
0.000556976
0.000562227
0.000563224
0.000563222
0.000563224
0.000563222
0.000563223
0.000563223
0.000563223
0.000563224
0.000563224
0.000563223
0.000563224
0.000563224
0.000563203
0.000563215
0.000563181
0.000563021
0.0005632
0.000563223
0.000563223
0.000563223
0.000563223
0.000563223
0.000563222
0.000563223
0.000563224
0.000563218
0.000563229
0.000563218
0.00056322
0.000563242
0.000563231
0.000563221
0.000563247
0.000563017
0.000563181
0.000563199
0.000563229
0.000563218
0.000563214
0.000563223
0.000563223
0.000563217
0.000563217
0.000563223
0.000563227
0.000563216
0.000563223
0.000563223
0.000563218
0.000563227
0.000563002
0.000563176
0.000562331
0.000557157
0.000562337
0.000557082
0.000563175
0.000563041
0.000562328
0.000557154
0.000562333
0.000557079
0.000563001
0.000563174
0.000563039
0.000563172
0.00056321
0.000563209
0.00056321
0.000563223
0.000563223
0.000563223
0.000563224
0.00056322
0.000563219
0.000563223
0.000563223
0.000563223
0.000563223
0.000563223
0.000563222
0.000563223
0.000563223
0.000563223
0.000563223
0.000563227
0.000563224
0.000563225
0.000563219
0.000563219
0.000563223
0.000563224
0.00056322
0.00056322
0.000563222
0.000563222
0.000563223
0.000563222
0.000563223
0.000563223
0.000563223
0.00056322
0.00056322
0.000563222
0.000563223
0.000563223
0.000563223
0.000563222
0.000563218
0.000563217
0.000563232
0.000563224
0.000563221
0.000563221
0.000563198
0.000563223
0.000563232
0.000563217
0.000563245
0.000563219
0.000563235
0.00056325
0.000563235
0.000563227
0.000563198
0.000563226
0.000560158
0.000549606
0.000549532
0.000560699
0.000560685
0.000552786
0.000334144
0.000330503
0.000330942
0.000334311
0.000552806
0.000560997
0.000560987
0.000551202
0.000520948
0.00051693
0.000516821
0.000520986
0.000551192
0.000523592
0.000524427
0.000551958
0.000551999
0.000524513
0.000523636
0.000563213
0.000563224
0.000563231
0.000563211
0.000563222
0.000563222
0.000563223
0.000563212
0.000563231
0.000563214
0.000563223
0.000563213
0.000563231
0.000563223
0.000563226
0.000563215
0.000563223
0.000563223
0.000563204
0.000563219
0.000563204
0.000563218
0.000563222
0.000563222
0.000563223
0.000563221
0.000563223
0.000563221
0.000563225
0.000563222
0.000563223
0.00056322
0.000563223
0.000563225
0.000562784
0.000563218
0.00056322
0.000563228
0.000563222
0.000563215
0.000563222
0.000563186
0.000563228
0.00056323
0.00056278
0.00056323
0.000563229
0.000563236
0.000563217
0.000563238
0.000563224
0.00056322
0.00056321
0.000563216
0.000563237
0.000563222
0.000563199
0.00056322
0.000563227
0.000563227
0.000563211
0.000563215
0.000563219
0.000563211
0.000563217
0.000563218
0.000563228
0.000563222
0.000563215
0.000563221
0.000563187
0.000563164
0.000563218
0.000563023
0.000563222
0.000563202
0.000563219
0.000563214
0.000563223
0.000563223
0.000563222
0.000563218
0.000563217
0.000563218
0.000563226
0.000563218
0.000563205
0.000563223
0.000563223
0.000563192
0.000563229
0.00056322
0.000563237
0.000563214
0.000563219
0.000563203
0.000563227
0.000563211
0.00056302
0.000563163
0.000563218
0.000563201
0.000563222
0.000563212
0.000563218
0.000563201
0.000563221
0.000563209
0.000563228
0.000563221
0.000563223
0.000563225
0.000563223
0.000563217
0.000563217
0.000563222
0.000563223
0.000563226
0.000563223
0.00056302
0.000563042
0.000563215
0.000563019
0.000563038
0.000563215
0.000563225
0.000563214
0.000563206
0.000563209
0.000563232
0.000563218
0.000563199
0.000563227
0.000563215
0.000563207
0.000563233
0.00056322
0.000563209
0.000563227
0.000563224
0.000563219
0.000563221
0.000563218
0.000563222
0.000563221
0.000563223
0.000563223
0.000563221
0.000563218
0.000563222
0.000563219
0.000563222
0.000563221
0.000563221
0.000563221
0.000563225
0.00056322
0.00056322
0.000563219
0.000563223
0.000563223
0.000563222
0.000563222
0.000563222
0.000563223
0.000563221
0.000563221
0.000563224
0.000563223
0.000563225
0.00056322
0.000563221
0.000563219
0.000563223
0.000563222
0.000563222
0.000563222
0.000563222
0.000563223
0.000563221
0.00056322
0.000563224
0.000563224
0.000563217
0.000563227
0.000563218
0.000563219
0.000563179
0.000563191
0.000563205
0.000563231
0.000563206
0.000563224
0.000563223
0.000563192
0.000563179
0.00056319
0.000563205
0.000563234
)
;
    }
    Surface4
    {
        type            fixedValue;
        value           nonuniform List<scalar> 
808
(
0.000563219
0.000563222
0.000563226
0.000560131
0.000560175
0.000563226
0.000563226
0.00056322
0.00056322
0.000563222
0.000563222
0.00056322
0.000563221
0.000563221
0.000563223
0.000563228
0.000563214
0.000561192
0.000563224
0.000563217
0.000563221
0.000563223
0.000563202
0.00056322
0.000563222
0.000563223
0.000563219
0.000563222
0.000563223
0.000561191
0.000563229
0.000563212
0.000563228
0.000563212
0.000563227
0.000563214
0.000561186
0.000563229
0.000563211
0.000563226
0.000563215
0.000563176
0.000563174
0.000563175
0.000563173
0.000563204
0.000563223
0.000563223
0.000563219
0.000563223
0.000563223
0.000563219
0.000563225
0.000563225
0.000563221
0.000563221
0.000563224
0.000563221
0.000563221
0.000563224
0.000563224
0.000563216
0.000563221
0.00056322
0.00056322
0.000563224
0.000563223
0.000563222
0.00056322
0.000563223
0.000563222
0.00056322
0.000563226
0.000563215
0.000563225
0.000563215
0.000563171
0.000563223
0.000563223
0.000562899
0.000563203
0.000563219
0.000563222
0.000563223
0.000563223
0.000563223
0.000563223
0.000563222
0.000563225
0.000562897
0.000562901
0.000563223
0.000563223
0.000562897
0.000563223
0.000563222
0.000563223
0.000563222
0.000562274
0.000556764
0.000556976
0.000562227
0.000562276
0.000556764
0.000556976
0.000562227
0.000563224
0.000563222
0.000563224
0.000563222
0.000563227
0.000563223
0.000563223
0.000563223
0.000563224
0.000563224
0.000563223
0.000563224
0.000563203
0.000563204
0.000563219
0.000563189
0.000563205
0.000563219
0.00056319
0.000563211
0.000563216
0.000563211
0.000563216
0.000563222
0.000563222
0.000563222
0.000563223
0.00056226
0.000556704
0.000556914
0.000562219
0.000562262
0.000556705
0.000556915
0.000562219
0.000563223
0.000563223
0.000563221
0.000563218
0.000563224
0.000563215
0.000563181
0.000563021
0.0005632
0.000563223
0.000563223
0.000563223
0.000563223
0.000563223
0.000563222
0.000563223
0.00056322
0.000563224
0.000563218
0.000563229
0.000563218
0.00056322
0.000563242
0.000563231
0.000563221
0.000563247
0.000563223
0.000563222
0.000563223
0.000563223
0.000563223
0.000563209
0.000563216
0.000563224
0.000563226
0.000563224
0.000563226
0.00056322
0.000563219
0.00056322
0.00056322
0.000563221
0.000563223
0.000563223
0.000563224
0.000563223
0.000563222
0.000563223
0.000563222
0.000563223
0.000563224
0.000563226
0.000563226
0.000563224
0.00056322
0.000563219
0.00056322
0.00056322
0.000563223
0.000563223
0.000563222
0.000563224
0.000563223
0.000563223
0.000563223
0.000563222
0.000563223
0.000563181
0.00056302
0.000560987
0.0005632
0.000563219
0.000563229
0.000563214
0.000563214
0.000563219
0.000563018
0.000563182
0.000563199
0.00056323
0.000563218
0.000563229
0.000563215
0.000563217
0.000563223
0.000563223
0.000563221
0.000563218
0.000563223
0.000563224
0.000563216
0.000563214
0.000563219
0.000563017
0.000563181
0.000563199
0.00056323
0.000563218
0.000563214
0.000563223
0.000563223
0.000563217
0.000563217
0.000563227
0.000563223
0.000563223
0.000563223
0.000563218
0.000563227
0.000563217
0.000563223
0.000563002
0.000563176
0.000562331
0.000557158
0.000562337
0.000557082
0.000563175
0.000563042
0.000562328
0.000557155
0.000562333
0.000557079
0.000563001
0.000563174
0.000563039
0.000563172
0.00056321
0.000563223
0.000563223
0.000563223
0.000563227
0.000563224
0.000563224
0.00056322
0.000563219
0.000563223
0.000563223
0.000563222
0.000563223
0.000563222
0.000563223
0.000563223
0.000563223
0.000563223
0.000563227
0.000563224
0.000563219
0.000563219
0.000563223
0.000563224
0.00056322
0.00056322
0.000563222
0.000563223
0.000563223
0.000563223
0.00056322
0.00056322
0.000563222
0.000563222
0.000563223
0.000563223
0.000563223
0.000563223
0.000563222
0.000563217
0.000563232
0.000563224
0.000563198
0.000563223
0.000563232
0.000563217
0.000563245
0.000563219
0.000563235
0.000563235
0.000563227
0.000563221
0.000563198
0.000563226
0.000563227
0.000563209
0.000563236
0.000563218
0.000563229
0.00056322
0.000563229
0.000563207
0.000563238
0.000563215
0.000563233
0.00056322
0.000563214
0.000563218
0.00056322
0.00056322
0.000563204
0.000563218
0.000563215
0.000563219
0.00056322
0.00056322
0.000563204
0.00056322
0.000563223
0.000563223
0.000563227
0.000563219
0.000563219
0.000563217
0.00056322
0.00056322
0.000563219
0.000563223
0.000563223
0.000563223
0.000563223
0.000563227
0.000563223
0.000563226
0.000563219
0.000563219
0.000563218
0.000563221
0.000563222
0.00056322
0.000563219
0.000563224
0.000563217
0.000563218
0.000563223
0.000563216
0.000563005
0.000562311
0.000557093
0.000562315
0.000557018
0.00056303
0.000562308
0.000557092
0.000562312
0.000557018
0.000563004
0.000563028
0.000563171
0.000563208
0.00056321
0.000563216
0.000549686
0.000549511
0.000561199
0.000560682
0.000560712
0.000552824
0.000334466
0.000331263
0.000330444
0.000334223
0.000552817
0.000561006
0.000551266
0.000521203
0.000517247
0.000516709
0.000520923
0.000551183
0.000523743
0.000524623
0.000552012
0.000551998
0.000524499
0.00052368
0.000560158
0.000560135
0.000549606
0.000549532
0.000560699
0.000560685
0.000552786
0.000334144
0.000330503
0.000330942
0.000334311
0.000552806
0.000560997
0.000560987
0.000551202
0.000520948
0.00051693
0.000516821
0.000520986
0.000551192
0.000523593
0.000524427
0.000551958
0.000551999
0.000524513
0.000523636
0.000563226
0.00056322
0.000563219
0.000563223
0.000563223
0.000563213
0.000563224
0.000563231
0.000563211
0.000563215
0.000563222
0.000563222
0.000563223
0.000563218
0.000563223
0.000563223
0.000563222
0.000563222
0.000563223
0.000563222
0.000563222
0.000563214
0.000563223
0.000563211
0.000563232
0.000563215
0.000563223
0.000563212
0.000563232
0.000563223
0.000563212
0.000563231
0.000563214
0.000563223
0.000563213
0.000563231
0.000563223
0.000563226
0.000563223
0.000563219
0.000563204
0.000563218
0.000563222
0.000563223
0.000563222
0.000563223
0.000563223
0.000563221
0.000563225
0.000563223
0.00056322
0.000563223
0.000563225
0.000563223
0.000563226
0.000563223
0.000563223
0.000563223
0.000563224
0.000563223
0.000563177
0.000563172
0.000563175
0.000563203
0.000563219
0.000562784
0.000563218
0.000563228
0.000563222
0.000563215
0.000563222
0.000563186
0.000563222
0.000563214
0.000563208
0.000563233
0.000563223
0.000563213
0.000563226
0.000562779
0.000563231
0.000563238
0.000563229
0.000562786
0.00056323
0.000563228
0.00056323
0.00056278
0.000563229
0.000563229
0.000563236
0.00056321
0.000563217
0.000563238
0.000563224
0.000563199
0.00056322
0.00056321
0.000563216
0.000563237
0.000563222
0.000563199
0.00056322
0.000563227
0.000563211
0.000563215
0.000563219
0.000563211
0.000563215
0.000563224
0.000563217
0.000563218
0.000563228
0.000563222
0.000563215
0.000563187
0.000563223
0.00056322
0.000563219
0.000563231
0.000563224
0.000563225
0.00056322
0.000563218
0.00056323
0.000563223
0.000563223
0.00056322
0.000563213
0.000563232
0.000563222
0.000563213
0.000563222
0.000563222
0.000563223
0.000563223
0.000563164
0.000563218
0.000563023
0.000563222
0.000563202
0.000563219
0.000563214
0.000563216
0.000563223
0.000563223
0.000563222
0.000563218
0.000563217
0.000563218
0.000563226
0.000563218
0.000563205
0.000563223
0.000563223
0.000563192
0.000563222
0.000563223
0.000563223
0.000563223
0.000563223
0.000563219
0.000563228
0.00056321
0.000563213
0.000563226
0.000563238
0.000563194
0.000563221
0.00056322
0.000563223
0.000563222
0.000563222
0.000563221
0.000563221
0.00056322
0.000563223
0.000563223
0.000563164
0.000563218
0.000563023
0.000563222
0.000563201
0.000563219
0.000563202
0.00056321
0.000563228
0.000563021
0.000563165
0.000563219
0.0005632
0.000563221
0.000563212
0.000563237
0.000563221
0.0005632
0.000563208
0.000563228
0.000563222
0.000563222
0.000563223
0.000563223
0.000563229
0.00056322
0.000563237
0.000563211
0.000563203
0.000563227
0.00056302
0.000563163
0.000563218
0.000563201
0.000563222
0.000563212
0.000563218
0.000563221
0.000563201
0.000563209
0.000563228
0.000563221
0.000563223
0.000563225
0.000563223
0.000563217
0.000563222
0.000563223
0.000563226
0.000563223
0.00056302
0.000563042
0.000563209
0.000563215
0.000563019
0.000563039
0.000563215
0.000563225
0.000563214
0.000563206
0.000563209
0.000563218
0.000563232
0.000563227
0.000563215
0.000563207
0.00056322
0.000563209
0.000563233
0.000563219
0.000563218
0.000563222
0.000563221
0.000563221
0.000563223
0.000563223
0.000563223
0.000563223
0.000563225
0.000563219
0.000563221
0.000563218
0.000563222
0.000563222
0.000563221
0.000563221
0.000563221
0.000563221
0.000563225
0.00056322
0.00056322
0.000563219
0.000563223
0.000563223
0.000563222
0.000563222
0.000563222
0.000563222
0.000563223
0.000563221
0.000563221
0.000563224
0.000563221
0.000563225
0.00056322
0.000563221
0.000563219
0.000563222
0.000563222
0.000563222
0.000563222
0.000563223
0.00056322
0.000563223
0.000563224
0.000563224
0.000563218
0.000563217
0.000563227
0.000563218
0.000563221
0.000563219
0.000563179
0.000563191
0.000563205
0.000563231
0.00056325
0.000563206
0.000563224
0.000563223
0.000563192
0.000563179
0.00056319
0.000563205
0.000563234
0.000563243
0.000563208
0.000563229
0.000563224
0.000563197
0.000563246
0.000563208
0.000563228
0.000563223
0.000563197
0.00056319
0.000563203
0.00056321
0.000563219
0.000563189
0.000563202
0.000563209
0.000563221
0.000563223
0.000563223
0.000563223
0.000563221
0.000563223
0.000563223
0.000563223
0.000563223
0.000563223
0.000563223
0.000563223
0.000563217
0.000563219
0.000563214
0.000563216
0.000563214
0.00056322
0.000563216
0.000563219
0.000563215
0.000563215
0.000563222
0.000563216
0.000563176
0.000563174
0.000563017
0.000563032
0.000563174
0.000563016
0.000563029
0.000563221
0.00056323
0.000563211
0.000563229
0.000563212
0.000563195
0.00056324
)
;
    }
}


// ************************************************************************* //
