7.875000 5.515000
7.635920 5.555496
7.401085 5.599548
7.170494 5.647157
6.944149 5.698323
6.722048 5.753045
6.504192 5.811324
6.290581 5.873159
6.081214 5.938551
5.876093 6.007500
5.675216 6.080005
5.478584 6.156067
5.286197 6.235685
5.098055 6.318860
4.914157 6.405592
4.734504 6.495880
4.559096 6.589725
4.387933 6.687127
4.221015 6.788085
4.058341 6.892600
3.899912 7.000671
3.745728 7.112299
3.595789 7.227484
3.450095 7.346225
3.308645 7.468523
3.171441 7.594377
3.038481 7.723788
2.909765 7.856756
2.785295 7.993280
2.665070 8.133361
2.549089 8.276999
2.437353 8.424193
2.329862 8.574943
2.226615 8.729251
2.127614 8.887115
2.032857 9.048535
1.942345 9.213512
1.856078 9.382046
1.774056 9.554137
1.696278 9.729784
1.622746 9.908987
1.553458 10.091747
1.487980 10.276977
1.422596 10.455368
1.356455 10.624789
1.289556 10.785241
1.221899 10.936724
1.153485 11.079236
1.084314 11.212779
1.014384 11.337353
0.943697 11.452957
0.872253 11.559591
0.800051 11.657256
0.727091 11.745951
0.653374 11.825676
0.578899 11.896432
0.503666 11.958218
0.427676 12.011035
0.350929 12.054882
0.273423 12.089759
0.195160 12.115667
0.116140 12.132606
0.036362 12.140574
-0.044174 12.139573
-0.125467 12.129603
-0.207517 12.110663
-0.290326 12.082753
-0.373892 12.045873
-0.458215 12.000024
-0.543296 11.945206
-0.629135 11.881418
-0.715731 11.808660
-0.803085 11.726933
-0.891197 11.636236
-0.980066 11.536569
-1.069692 11.427933
-1.160077 11.310327
-1.251218 11.183752
-1.343118 11.048207
-1.435775 10.903692
-1.529189 10.750208
-1.623361 10.587754
-1.718291 10.416331
-1.813978 10.235938
-1.911303 10.050852
-2.011883 9.868944
-2.115753 9.690384
-2.222914 9.515173
-2.333366 9.343310
-2.447108 9.174795
-2.564141 9.009629
-2.684464 8.847812
-2.808078 8.689342
-2.934983 8.534221
-3.065178 8.382449
-3.198663 8.234025
-3.335440 8.088950
-3.475507 7.947222
-3.618864 7.808844
-3.765512 7.673813
-3.915451 7.542131
-4.068680 7.413798
-4.225200 7.288813
-4.385011 7.167176
-4.548112 7.048888
-4.714503 6.933948
-4.884185 6.822357
-5.057158 6.714114
-5.233422 6.609220
-5.412976 6.507673
-5.595820 6.409476
-5.781955 6.314627
-5.971381 6.223126
-6.164097 6.134973
-6.360104 6.050169
-6.559402 5.968714
-6.761990 5.890607
-6.967869 5.815848
-7.177038 5.744438
-7.389498 5.676376
-7.605248 5.611662
-7.824289 5.550297
-8.046621 5.492280
-8.272243 5.437612
-8.501156 5.386292
-8.732927 5.338173
-8.958055 5.289993
-9.172652 5.240420
-9.376718 5.189453
-9.570252 5.137092
-9.753256 5.083338
-9.925728 5.028190
-10.087670 4.971648
-10.239080 4.913712
-10.379960 4.854383
-10.510308 4.793659
-10.630126 4.731543
-10.739412 4.668032
-10.838167 4.603128
-10.926391 4.536830
-11.004085 4.469138
-11.071247 4.400052
-11.127878 4.329573
-11.173978 4.257700
-11.209547 4.184433
-11.234585 4.109773
-11.249092 4.033719
-11.253068 3.956271
-11.246513 3.877429
-11.229426 3.797194
-11.201809 3.715565
-11.163661 3.632542
-11.114981 3.548126
-11.055771 3.462315
-10.986030 3.375111
-10.905757 3.286514
-10.814954 3.196522
-10.713619 3.105137
-10.601754 3.012358
-10.479357 2.918185
-10.346429 2.822619
-10.202971 2.725659
-10.048981 2.627305
-9.884460 2.527558
-9.709408 2.426416
-9.523825 2.323881
-9.327712 2.219953
-9.125597 2.114940
-8.932204 2.009850
-8.748665 1.904760
-8.574981 1.799669
-8.411151 1.694579
-8.257176 1.589489
-8.113055 1.484399
-7.978789 1.379309
-7.854377 1.274218
-7.739819 1.169128
-7.635116 1.064038
-7.540267 0.958948
-7.455273 0.853858
-7.380133 0.748768
-7.314847 0.643677
-7.259416 0.538587
-7.213840 0.433497
-7.178117 0.328407
-7.152249 0.223317
-7.136236 0.118226
-7.130077 0.013136
-7.133772 -0.091954
-7.147322 -0.197044
-7.170726 -0.302134
-7.203985 -0.407224
-7.247098 -0.512315
-7.300066 -0.617405
-7.362888 -0.722495
-7.435564 -0.827585
-7.518095 -0.932675
-7.610480 -1.037766
-7.712719 -1.142856
-7.824813 -1.247946
-7.946762 -1.353036
-8.078565 -1.458126
-8.220222 -1.563216
-8.371734 -1.668307
-8.533100 -1.773397
-8.704320 -1.878487
-8.885395 -1.983577
-9.076325 -2.088667
-9.277038 -2.193753
-9.475784 -2.298030
-9.664000 -2.400913
-9.841684 -2.502403
-10.008838 -2.602499
-10.165461 -2.701201
-10.311552 -2.798510
-10.447112 -2.894425
-10.572142 -2.988946
-10.686640 -3.082073
-10.790607 -3.173807
-10.884044 -3.264146
-10.966949 -3.353093
-11.039323 -3.440645
-11.101166 -3.526804
-11.152478 -3.611569
-11.193259 -3.694940
-11.223509 -3.776917
-11.243228 -3.857501
-11.252416 -3.936691
-11.251073 -4.014488
-11.239199 -4.090890
-11.216794 -4.165899
-11.183857 -4.239514
-11.140390 -4.311735
-11.086392 -4.382563
-11.021862 -4.451997
-10.946802 -4.520037
-10.861210 -4.586684
-10.765088 -4.651937
-10.658434 -4.715796
-10.541250 -4.778261
-10.413534 -4.839332
-10.275288 -4.899010
-10.126510 -4.957294
-9.967201 -5.014185
-9.797361 -5.069681
-9.616990 -5.123784
-9.426089 -5.176493
-9.224656 -5.227809
-9.012692 -5.277731
-8.790197 -5.326259
-8.558898 -5.373986
-8.329163 -5.424468
-8.102718 -5.478299
-7.879564 -5.535479
-7.659700 -5.596007
-7.443127 -5.659883
-7.229844 -5.727108
-7.019852 -5.797681
-6.813151 -5.871603
-6.609740 -5.948873
-6.409620 -6.029491
-6.212791 -6.113458
-6.019252 -6.200774
-5.829003 -6.291437
-5.642045 -6.385450
-5.458378 -6.482810
-5.278002 -6.583519
-5.100916 -6.687577
-4.927120 -6.794982
-4.756615 -6.905737
-4.589401 -7.019839
-4.425477 -7.137290
-4.264844 -7.258090
-4.107502 -7.382238
-3.953450 -7.509734
-3.802688 -7.640579
-3.655218 -7.774772
-3.511038 -7.912314
-3.370148 -8.053204
-3.232549 -8.197442
-3.098241 -8.345029
-2.967223 -8.495964
-2.839496 -8.650248
-2.715059 -8.807880
-2.593913 -8.968861
-2.476058 -9.133190
-2.361493 -9.300867
-2.250219 -9.471893
-2.142235 -9.646267
-2.037542 -9.823990
-1.936139 -10.005061
-1.838027 -10.189481
-1.742142 -10.372073
-1.647023 -10.545739
-1.552661 -10.710435
-1.459057 -10.866162
-1.366211 -11.012919
-1.274122 -11.150706
-1.182791 -11.279524
-1.092217 -11.399372
-1.002401 -11.510251
-0.913343 -11.612160
-0.825042 -11.705099
-0.737499 -11.789069
-0.650713 -11.864069
-0.564685 -11.930100
-0.479414 -11.987161
-0.394902 -12.035252
-0.311146 -12.074374
-0.228149 -12.104526
-0.145908 -12.125709
-0.064426 -12.137922
0.016299 -12.141165
0.096267 -12.135439
0.175476 -12.120743
0.253929 -12.097077
0.331623 -12.064442
0.408560 -12.022838
0.484740 -11.972263
0.560162 -11.912720
0.634826 -11.844206
0.708733 -11.766723
0.781882 -11.680270
0.854273 -11.584848
0.925907 -11.480456
0.996783 -11.367095
1.066902 -11.244764
1.136263 -11.113463
1.204867 -10.973193
1.272713 -10.823953
1.339801 -10.665743
1.406132 -10.498564
1.471705 -10.322416
1.536799 -10.137993
1.605026 -9.954344
1.677497 -9.774251
1.754213 -9.597715
1.835175 -9.424735
1.920381 -9.255312
2.009831 -9.089446
2.103527 -8.927136
2.201467 -8.768383
2.303652 -8.613187
2.410082 -8.461547
2.520757 -8.313464
2.635676 -8.168937
2.754841 -8.027967
2.878250 -7.890554
3.005904 -7.756697
3.137803 -7.626397
3.273946 -7.499653
3.414335 -7.376466
3.558968 -7.256836
3.707846 -7.140762
3.860968 -7.028245
4.018336 -6.919284
4.179948 -6.813880
4.345805 -6.712033
4.515907 -6.613742
4.690254 -6.519008
4.868846 -6.427831
5.051682 -6.340210
5.238763 -6.256146
5.430089 -6.175638
5.625660 -6.098687
5.825476 -6.025293
6.029536 -5.955455
6.237841 -5.889174
6.450391 -5.826449
6.667186 -5.767281
6.888226 -5.711670
7.113510 -5.659615
7.343039 -5.611117
7.576813 -5.566175
7.814832 -5.524791
8.052987 -5.485458
8.281235 -5.444499
8.499120 -5.401748
8.706642 -5.357204
8.903800 -5.310868
9.090595 -5.262738
9.267027 -5.212816
9.433095 -5.161101
9.588800 -5.107593
9.734141 -5.052293
9.869120 -4.995199
9.993735 -4.936313
10.107986 -4.875635
10.211874 -4.813163
10.305399 -4.748899
10.388561 -4.682842
10.461359 -4.614992
10.523794 -4.545349
10.575866 -4.473914
10.617574 -4.400686
10.648919 -4.325665
10.669900 -4.248851
10.680519 -4.170245
10.680774 -4.089845
10.670665 -4.007654
10.650194 -3.923669
10.619358 -3.837891
10.578160 -3.750321
10.526598 -3.660958
10.464673 -3.569802
10.392385 -3.476854
10.309733 -3.382112
10.216718 -3.285578
10.113340 -3.187252
9.999598 -3.087132
9.875493 -2.985220
9.741025 -2.881514
9.596193 -2.776017
9.440998 -2.668726
9.275440 -2.559642
9.099518 -2.448766
8.913503 -2.336122
8.729848 -2.222856
8.555318 -2.109589
8.389914 -1.996323
8.233635 -1.883056
8.086483 -1.769790
7.948456 -1.656523
7.819555 -1.543257
7.699779 -1.429990
7.589130 -1.316723
7.487606 -1.203457
7.395207 -1.090190
7.311935 -0.976924
7.237788 -0.863657
7.172767 -0.750391
7.116872 -0.637124
7.070103 -0.523858
7.032459 -0.410591
7.003941 -0.297325
6.984549 -0.184058
6.974282 -0.070792
6.973142 0.042475
6.981127 0.155741
6.998237 0.269008
7.024474 0.382275
7.059836 0.495541
7.104324 0.608808
7.157938 0.722074
7.220678 0.835341
7.292543 0.948607
7.373534 1.061874
7.463651 1.175140
7.562893 1.288407
7.671261 1.401673
7.788755 1.514940
7.915375 1.628206
8.051120 1.741473
8.195992 1.854739
8.349989 1.968006
8.513111 2.081273
8.685360 2.194539
8.866734 2.307806
9.053918 2.420767
9.232431 2.532091
9.400580 2.641623
9.558366 2.749362
9.705788 2.855308
9.842848 2.959461
9.969543 3.061822
10.085876 3.162390
10.191845 3.261165
10.287451 3.358147
10.372694 3.453336
10.447573 3.546733
10.512089 3.638337
10.566241 3.728148
10.610030 3.816167
10.643456 3.902393
10.666519 3.986825
10.679218 4.069466
10.681554 4.150313
10.673527 4.229368
10.655136 4.306629
10.626382 4.382099
10.587264 4.455775
10.537784 4.527658
10.477939 4.597749
10.407732 4.666047
10.327161 4.732553
10.236227 4.797265
10.134930 4.860185
10.023269 4.921312
9.901245 4.980646
9.768857 5.038187
9.626107 5.093936
9.472993 5.147892
9.309515 5.200055
9.135674 5.250426
8.951470 5.299003
8.756903 5.345788
8.551972 5.390780
8.336678 5.433980
8.111021 5.475386
7.875000 5.515000
7.875000 5.515000
7.635920 5.555496
7.401085 5.599548
7.170494 5.647157
6.944149 5.698323
6.722048 5.753045
6.504192 5.811324
6.290581 5.873159
6.081214 5.938551
5.876093 6.007500
5.675216 6.080005
5.478584 6.156067
5.286197 6.235685
5.098055 6.318860
4.914157 6.405592
4.734504 6.495880
4.559096 6.589725
4.387933 6.687127
4.221015 6.788085
4.058341 6.892600
3.899912 7.000671
3.745728 7.112299
3.595789 7.227484
3.450095 7.346225
3.308645 7.468523
3.171441 7.594377
3.038481 7.723788
2.909765 7.856756
2.785295 7.993280
2.665070 8.133361
2.549089 8.276999
2.437353 8.424193
2.329862 8.574943
2.226615 8.729251
2.127614 8.887115
2.032857 9.048535
1.942345 9.213512
1.856078 9.382046
1.774056 9.554137
1.696278 9.729784
1.622746 9.908987
1.553458 10.091747
1.487980 10.276977
1.422596 10.455368
1.356455 10.624789
1.289556 10.785241
1.221899 10.936724
1.153485 11.079236
1.084314 11.212779
1.014384 11.337353
0.943697 11.452957
0.872253 11.559591
0.800051 11.657256
0.727091 11.745951
0.653374 11.825676
0.578899 11.896432
0.503666 11.958218
0.427676 12.011035
0.350929 12.054882
0.273423 12.089759
0.195160 12.115667
0.116140 12.132606
0.036362 12.140574
-0.044174 12.139573
-0.125467 12.129603
-0.207517 12.110663
-0.290326 12.082753
-0.373892 12.045873
-0.458215 12.000024
-0.543296 11.945206
-0.629135 11.881418
-0.715731 11.808660
-0.803085 11.726933
-0.891197 11.636236
-0.980066 11.536569
-1.069692 11.427933
-1.160077 11.310327
-1.251218 11.183752
-1.343118 11.048207
-1.435775 10.903692
-1.529189 10.750208
-1.623361 10.587754
-1.718291 10.416331
-1.813978 10.235938
-1.911303 10.050852
-2.011883 9.868944
-2.115753 9.690384
-2.222914 9.515173
-2.333366 9.343310
-2.447108 9.174795
-2.564141 9.009629
-2.684464 8.847812
-2.808078 8.689342
-2.934983 8.534221
-3.065178 8.382449
-3.198663 8.234025
-3.335440 8.088950
-3.475507 7.947222
-3.618864 7.808844
-3.765512 7.673813
-3.915451 7.542131
-4.068680 7.413798
-4.225200 7.288813
-4.385011 7.167176
-4.548112 7.048888
-4.714503 6.933948
-4.884185 6.822357
-5.057158 6.714114
-5.233422 6.609220
-5.412976 6.507673
-5.595820 6.409476
-5.781955 6.314627
-5.971381 6.223126
-6.164097 6.134973
-6.360104 6.050169
-6.559402 5.968714
-6.761990 5.890607
-6.967869 5.815848
-7.177038 5.744438
-7.389498 5.676376
-7.605248 5.611662
-7.824289 5.550297
-8.046621 5.492280
-8.272243 5.437612
-8.501156 5.386292
-8.732927 5.338173
-8.958055 5.289993
-9.172652 5.240420
-9.376718 5.189453
-9.570252 5.137092
-9.753256 5.083338
-9.925728 5.028190
-10.087670 4.971648
-10.239080 4.913712
-10.379960 4.854383
-10.510308 4.793659
-10.630126 4.731543
-10.739412 4.668032
-10.838167 4.603128
-10.926391 4.536830
-11.004085 4.469138
-11.071247 4.400052
-11.127878 4.329573
-11.173978 4.257700
-11.209547 4.184433
-11.234585 4.109773
-11.249092 4.033719
-11.253068 3.956271
-11.246513 3.877429
-11.229426 3.797194
-11.201809 3.715565
-11.163661 3.632542
-11.114981 3.548126
-11.055771 3.462315
-10.986030 3.375111
-10.905757 3.286514
-10.814954 3.196522
-10.713619 3.105137
-10.601754 3.012358
-10.479357 2.918185
-10.346429 2.822619
-10.202971 2.725659
-10.048981 2.627305
-9.884460 2.527558
-9.709408 2.426416
-9.523825 2.323881
-9.327712 2.219953
-9.125597 2.114940
-8.932204 2.009850
-8.748665 1.904760
-8.574981 1.799669
-8.411151 1.694579
-8.257176 1.589489
-8.113055 1.484399
-7.978789 1.379309
-7.854377 1.274218
-7.739819 1.169128
-7.635116 1.064038
-7.540267 0.958948
-7.455273 0.853858
-7.380133 0.748768
-7.314847 0.643677
-7.259416 0.538587
-7.213840 0.433497
-7.178117 0.328407
-7.152249 0.223317
-7.136236 0.118226
-7.130077 0.013136
-7.133772 -0.091954
-7.147322 -0.197044
-7.170726 -0.302134
-7.203985 -0.407224
-7.247098 -0.512315
-7.300066 -0.617405
-7.362888 -0.722495
-7.435564 -0.827585
-7.518095 -0.932675
-7.610480 -1.037766
-7.712719 -1.142856
-7.824813 -1.247946
-7.946762 -1.353036
-8.078565 -1.458126
-8.220222 -1.563216
-8.371734 -1.668307
-8.533100 -1.773397
-8.704320 -1.878487
-8.885395 -1.983577
-9.076325 -2.088667
-9.277038 -2.193753
-9.475784 -2.298030
-9.664000 -2.400913
-9.841684 -2.502403
-10.008838 -2.602499
-10.165461 -2.701201
-10.311552 -2.798510
-10.447112 -2.894425
-10.572142 -2.988946
-10.686640 -3.082073
-10.790607 -3.173807
-10.884044 -3.264146
-10.966949 -3.353093
-11.039323 -3.440645
-11.101166 -3.526804
-11.152478 -3.611569
-11.193259 -3.694940
-11.223509 -3.776917
-11.243228 -3.857501
-11.252416 -3.936691
-11.251073 -4.014488
-11.239199 -4.090890
-11.216794 -4.165899
-11.183857 -4.239514
-11.140390 -4.311735
-11.086392 -4.382563
-11.021862 -4.451997
-10.946802 -4.520037
-10.861210 -4.586684
-10.765088 -4.651937
-10.658434 -4.715796
-10.541250 -4.778261
-10.413534 -4.839332
-10.275288 -4.899010
-10.126510 -4.957294
-9.967201 -5.014185
-9.797361 -5.069681
-9.616990 -5.123784
-9.426089 -5.176493
-9.224656 -5.227809
-9.012692 -5.277731
-8.790197 -5.326259
-8.558898 -5.373986
-8.329163 -5.424468
-8.102718 -5.478299
-7.879564 -5.535479
-7.659700 -5.596007
-7.443127 -5.659883
-7.229844 -5.727108
-7.019852 -5.797681
-6.813151 -5.871603
-6.609740 -5.948873
-6.409620 -6.029491
-6.212791 -6.113458
-6.019252 -6.200774
-5.829003 -6.291437
-5.642045 -6.385450
-5.458378 -6.482810
-5.278002 -6.583519
-5.100916 -6.687577
-4.927120 -6.794982
-4.756615 -6.905737
-4.589401 -7.019839
-4.425477 -7.137290
-4.264844 -7.258090
-4.107502 -7.382238
-3.953450 -7.509734
-3.802688 -7.640579
-3.655218 -7.774772
-3.511038 -7.912314
-3.370148 -8.053204
-3.232549 -8.197442
-3.098241 -8.345029
-2.967223 -8.495964
-2.839496 -8.650248
-2.715059 -8.807880
-2.593913 -8.968861
-2.476058 -9.133190
-2.361493 -9.300867
-2.250219 -9.471893
-2.142235 -9.646267
-2.037542 -9.823990
-1.936139 -10.005061
-1.838027 -10.189481
-1.742142 -10.372073
-1.647023 -10.545739
-1.552661 -10.710435
-1.459057 -10.866162
-1.366211 -11.012919
-1.274122 -11.150706
-1.182791 -11.279524
-1.092217 -11.399372
-1.002401 -11.510251
-0.913343 -11.612160
-0.825042 -11.705099
-0.737499 -11.789069
-0.650713 -11.864069
-0.564685 -11.930100
-0.479414 -11.987161
-0.394902 -12.035252
-0.311146 -12.074374
-0.228149 -12.104526
-0.145908 -12.125709
-0.064426 -12.137922
0.016299 -12.141165
0.096267 -12.135439
0.175476 -12.120743
0.253929 -12.097077
0.331623 -12.064442
0.408560 -12.022838
0.484740 -11.972263
0.560162 -11.912720
0.634826 -11.844206
0.708733 -11.766723
0.781882 -11.680270
0.854273 -11.584848
0.925907 -11.480456
0.996783 -11.367095
1.066902 -11.244764
1.136263 -11.113463
1.204867 -10.973193
1.272713 -10.823953
1.339801 -10.665743
1.406132 -10.498564
1.471705 -10.322416
1.536799 -10.137993
1.605026 -9.954344
1.677497 -9.774251
1.754213 -9.597715
1.835175 -9.424735
1.920381 -9.255312
2.009831 -9.089446
2.103527 -8.927136
2.201467 -8.768383
2.303652 -8.613187
2.410082 -8.461547
2.520757 -8.313464
2.635676 -8.168937
2.754841 -8.027967
2.878250 -7.890554
3.005904 -7.756697
3.137803 -7.626397
3.273946 -7.499653
3.414335 -7.376466
3.558968 -7.256836
3.707846 -7.140762
3.860968 -7.028245
4.018336 -6.919284
4.179948 -6.813880
4.345805 -6.712033
4.515907 -6.613742
4.690254 -6.519008
4.868846 -6.427831
5.051682 -6.340210
5.238763 -6.256146
5.430089 -6.175638
5.625660 -6.098687
5.825476 -6.025293
6.029536 -5.955455
6.237841 -5.889174
6.450391 -5.826449
6.667186 -5.767281
6.888226 -5.711670
7.113510 -5.659615
7.343039 -5.611117
7.576813 -5.566175
7.814832 -5.524791
8.052987 -5.485458
8.281235 -5.444499
8.499120 -5.401748
8.706642 -5.357204
8.903800 -5.310868
9.090595 -5.262738
9.267027 -5.212816
9.433095 -5.161101
9.588800 -5.107593
9.734141 -5.052293
9.869120 -4.995199
9.993735 -4.936313
10.107986 -4.875635
10.211874 -4.813163
10.305399 -4.748899
10.388561 -4.682842
10.461359 -4.614992
10.523794 -4.545349
10.575866 -4.473914
10.617574 -4.400686
10.648919 -4.325665
10.669900 -4.248851
10.680519 -4.170245
10.680774 -4.089845
10.670665 -4.007654
10.650194 -3.923669
10.619358 -3.837891
10.578160 -3.750321
10.526598 -3.660958
10.464673 -3.569802
10.392385 -3.476854
10.309733 -3.382112
10.216718 -3.285578
10.113340 -3.187252
9.999598 -3.087132
9.875493 -2.985220
9.741025 -2.881514
9.596193 -2.776017
9.440998 -2.668726
9.275440 -2.559642
9.099518 -2.448766
8.913503 -2.336122
8.729848 -2.222856
8.555318 -2.109589
8.389914 -1.996323
8.233635 -1.883056
8.086483 -1.769790
7.948456 -1.656523
7.819555 -1.543257
7.699779 -1.429990
7.589130 -1.316723
7.487606 -1.203457
7.395207 -1.090190
7.311935 -0.976924
7.237788 -0.863657
7.172767 -0.750391
7.116872 -0.637124
7.070103 -0.523858
7.032459 -0.410591
7.003941 -0.297325
6.984549 -0.184058
6.974282 -0.070792
6.973142 0.042475
6.981127 0.155741
6.998237 0.269008
7.024474 0.382275
7.059836 0.495541
7.104324 0.608808
7.157938 0.722074
7.220678 0.835341
7.292543 0.948607
7.373534 1.061874
7.463651 1.175140
7.562893 1.288407
7.671261 1.401673
7.788755 1.514940
7.915375 1.628206
8.051120 1.741473
8.195992 1.854739
8.349989 1.968006
8.513111 2.081273
8.685360 2.194539
8.866734 2.307806
9.053918 2.420767
9.232431 2.532091
9.400580 2.641623
9.558366 2.749362
9.705788 2.855308
9.842848 2.959461
9.969543 3.061822
10.085876 3.162390
10.191845 3.261165
10.287451 3.358147
10.372694 3.453336
10.447573 3.546733
10.512089 3.638337
10.566241 3.728148
10.610030 3.816167
10.643456 3.902393
10.666519 3.986825
10.679218 4.069466
10.681554 4.150313
10.673527 4.229368
10.655136 4.306629
10.626382 4.382099
10.587264 4.455775
10.537784 4.527658
10.477939 4.597749
10.407732 4.666047
10.327161 4.732553
10.236227 4.797265
10.134930 4.860185
10.023269 4.921312
9.901245 4.980646
9.768857 5.038187
9.626107 5.093936
9.472993 5.147892
9.309515 5.200055
9.135674 5.250426
8.951470 5.299003
8.756903 5.345788
8.551972 5.390780
8.336678 5.433980
8.111021 5.475386
7.875000 5.515000
7.844545 0.686631
7.606090 0.668885
7.371871 0.651411
7.141890 0.634208
6.916145 0.617278
6.694637 0.600619
6.477365 0.584232
6.264331 0.568117
6.055533 0.552274
5.850972 0.536703
5.650648 0.521404
5.454560 0.506376
5.262710 0.491621
5.075096 0.477137
4.891719 0.462926
4.712578 0.448986
4.537675 0.435318
4.367008 0.421922
4.200578 0.408797
4.038385 0.395945
3.880429 0.383364
3.726709 0.371056
3.577226 0.359019
3.431980 0.347254
3.290971 0.335761
3.154198 0.324540
3.021662 0.313591
2.893363 0.302913
2.769301 0.292508
2.649476 0.282374
2.533887 0.272513
2.422535 0.262923
2.315420 0.253605
2.212542 0.244559
2.113901 0.235784
2.019496 0.227282
1.929328 0.219052
1.843397 0.211093
1.761702 0.203406
1.684245 0.195991
1.611024 0.188848
1.542040 0.181977
1.476860 0.175345
1.411780 0.168668
1.345951 0.161880
1.279375 0.154983
1.212050 0.147976
1.143977 0.140858
1.075156 0.133631
1.005586 0.126294
0.935269 0.118847
0.864203 0.111290
0.792389 0.103623
0.719826 0.095846
0.646516 0.087958
0.572457 0.079961
0.497650 0.071854
0.422095 0.063638
0.345791 0.055311
0.268739 0.046874
0.190939 0.038327
0.112391 0.029670
0.033095 0.020903
-0.046950 0.012026
-0.127743 0.003040
-0.209284 -0.006057
-0.291573 -0.015264
-0.374611 -0.024580
-0.458397 -0.034007
-0.542931 -0.043544
-0.628213 -0.053190
-0.714243 -0.062947
-0.801022 -0.072813
-0.888549 -0.082790
-0.976824 -0.092876
-1.065848 -0.103072
-1.155619 -0.113379
-1.246139 -0.123795
-1.337407 -0.134321
-1.429423 -0.144958
-1.522188 -0.155704
-1.615701 -0.166560
-1.709962 -0.177526
-1.804971 -0.188603
-1.901614 -0.199780
-2.001519 -0.211040
-2.104722 -0.222384
-2.211223 -0.233812
-2.321021 -0.245323
-2.434118 -0.256918
-2.550512 -0.268595
-2.670204 -0.280357
-2.793194 -0.292202
-2.919481 -0.304130
-3.049067 -0.316141
-3.181950 -0.328237
-3.318131 -0.340415
-3.457610 -0.352677
-3.600387 -0.365022
-3.746462 -0.377451
-3.895834 -0.389963
-4.048504 -0.402559
-4.204472 -0.415238
-4.363738 -0.428001
-4.526302 -0.440847
-4.692163 -0.453776
-4.861323 -0.466789
-5.033780 -0.479886
-5.209535 -0.493065
-5.388588 -0.506328
-5.570938 -0.519675
-5.756587 -0.533105
-5.945533 -0.546619
-6.137777 -0.560216
-6.333319 -0.573896
-6.532159 -0.587660
-6.734296 -0.601507
-6.939732 -0.615438
-7.148465 -0.629452
-7.360496 -0.643549
-7.575825 -0.657730
-7.794451 -0.671995
-8.016376 -0.686342
-8.241598 -0.700774
-8.470118 -0.715288
-8.701505 -0.729854
-8.926273 -0.743763
-9.140542 -0.756724
-9.344312 -0.768738
-9.537582 -0.779805
-9.720354 -0.789924
-9.892627 -0.799096
-10.054400 -0.807320
-10.205675 -0.814597
-10.346450 -0.820927
-10.476726 -0.826310
-10.596503 -0.830745
-10.705782 -0.834233
-10.804561 -0.836774
-10.892841 -0.838367
-10.970621 -0.839013
-11.037903 -0.838712
-11.094686 -0.837463
-11.140970 -0.835267
-11.176754 -0.832124
-11.202040 -0.828033
-11.216826 -0.822995
-11.221113 -0.817010
-11.214901 -0.810077
-11.198190 -0.802197
-11.170980 -0.793370
-11.133271 -0.783595
-11.085063 -0.772873
-11.026356 -0.761204
-10.957150 -0.748587
-10.877444 -0.735023
-10.787240 -0.720512
-10.686536 -0.705054
-10.575334 -0.688648
-10.453632 -0.671294
-10.321431 -0.652994
-10.178731 -0.633746
-10.025532 -0.613551
-9.861834 -0.592408
-9.687637 -0.570318
-9.502941 -0.547281
-9.307745 -0.523297
-9.106564 -0.498576
-8.914063 -0.473802
-8.731371 -0.449028
-8.558489 -0.424254
-8.395415 -0.399480
-8.242150 -0.374706
-8.098694 -0.349932
-7.965047 -0.325158
-7.841209 -0.300384
-7.727179 -0.275610
-7.622959 -0.250836
-7.528548 -0.226062
-7.443946 -0.201288
-7.369153 -0.176514
-7.304168 -0.151740
-7.248993 -0.126966
-7.203626 -0.102192
-7.168069 -0.077419
-7.142320 -0.052645
-7.126381 -0.027871
-7.120250 -0.003097
-7.123929 0.021677
-7.137416 0.046451
-7.160712 0.071225
-7.193817 0.095999
-7.236732 0.120773
-7.289455 0.145547
-7.351987 0.170321
-7.424328 0.195095
-7.506478 0.219869
-7.598437 0.244643
-7.700205 0.269417
-7.811782 0.294191
-7.933168 0.318964
-8.064362 0.343738
-8.205366 0.368512
-8.356179 0.393286
-8.516800 0.418060
-8.687231 0.442834
-8.867471 0.467608
-9.057519 0.492382
-9.257306 0.517153
-9.455126 0.541374
-9.642447 0.564648
-9.819269 0.586975
-9.985592 0.608354
-10.141416 0.628786
-10.286740 0.648271
-10.421566 0.666808
-10.545893 0.684398
-10.659720 0.701041
-10.763048 0.716736
-10.855878 0.731484
-10.938208 0.745285
-11.010039 0.758139
-11.071371 0.770045
-11.122204 0.781003
-11.162538 0.791015
-11.192372 0.800079
-11.211708 0.808196
-11.220545 0.815365
-11.218882 0.821587
-11.206720 0.826862
-11.184060 0.831190
-11.150900 0.834570
-11.107241 0.837003
-11.053083 0.838488
-10.988426 0.839027
-10.913270 0.838617
-10.827615 0.837261
-10.731461 0.834957
-10.624807 0.831706
-10.507655 0.827508
-10.380003 0.822362
-10.241853 0.816269
-10.093203 0.809228
-9.934054 0.801241
-9.764406 0.792306
-9.584260 0.782423
-9.393614 0.771593
-9.192468 0.759816
-8.980824 0.747092
-8.758681 0.733420
-8.527763 0.718930
-8.298419 0.704395
-8.072372 0.689942
-7.849623 0.675574
-7.630172 0.661289
-7.414019 0.647087
-7.201163 0.632968
-6.991606 0.618933
-6.785346 0.604982
-6.582384 0.591114
-6.382720 0.577329
-6.186353 0.563628
-5.993285 0.550010
-5.803514 0.536476
-5.617041 0.523025
-5.433866 0.509657
-5.253989 0.496373
-5.077410 0.483173
-4.904128 0.470055
-4.734144 0.457022
-4.567458 0.444071
-4.404070 0.431205
-4.243980 0.418421
-4.087187 0.405721
-3.933692 0.393105
-3.783496 0.380571
-3.636597 0.368122
-3.492995 0.355756
-3.352692 0.343473
-3.215686 0.331273
-3.081979 0.319157
-2.951569 0.307125
-2.824456 0.295176
-2.700642 0.283310
-2.580126 0.271528
-2.462907 0.259829
-2.348986 0.248214
-2.238363 0.236682
-2.131038 0.225233
-2.027010 0.213868
-1.926281 0.202587
-1.828849 0.191389
-1.733644 0.180285
-1.639196 0.169291
-1.545496 0.158408
-1.452544 0.147634
-1.360341 0.136970
-1.268886 0.126416
-1.178179 0.115973
-1.088220 0.105639
-0.999010 0.095415
-0.910548 0.085301
-0.822834 0.075297
-0.735868 0.065403
-0.649650 0.055619
-0.564181 0.045945
-0.479460 0.036381
-0.395487 0.026927
-0.312263 0.017583
-0.229786 0.008348
-0.148058 -0.000776
-0.067078 -0.009790
0.013154 -0.018694
0.092637 -0.027489
0.171372 -0.036173
0.249359 -0.044747
0.326598 -0.053212
0.403089 -0.061566
0.478831 -0.069811
0.553825 -0.077945
0.628071 -0.085970
0.701569 -0.093884
0.774318 -0.101689
0.846319 -0.109383
0.917572 -0.116968
0.988077 -0.124442
1.057834 -0.131807
1.126842 -0.139062
1.195102 -0.146207
1.262614 -0.153241
1.329377 -0.160166
1.395393 -0.166981
1.460660 -0.173686
1.525456 -0.180302
1.593381 -0.187105
1.665542 -0.194180
1.741941 -0.201527
1.822576 -0.209146
1.907448 -0.217036
1.996557 -0.225199
2.089902 -0.233633
2.187484 -0.242340
2.289304 -0.251318
2.395359 -0.260568
2.505652 -0.270090
2.620182 -0.279883
2.738948 -0.289949
2.861951 -0.300287
2.989190 -0.310896
3.120667 -0.321777
3.256380 -0.332930
3.396330 -0.344355
3.540517 -0.356052
3.688941 -0.368021
3.841601 -0.380262
3.998499 -0.392774
4.159633 -0.405559
4.325003 -0.418615
4.494611 -0.431943
4.668455 -0.445543
4.846536 -0.459415
5.028854 -0.473559
5.215409 -0.487975
5.406201 -0.502662
5.601229 -0.517622
5.800494 -0.532853
6.003996 -0.548356
6.211734 -0.564131
6.423710 -0.580178
6.639922 -0.596497
6.860371 -0.613087
7.085056 -0.629950
7.313979 -0.647084
7.547138 -0.664491
7.784534 -0.682169
8.022072 -0.699749
8.249742 -0.716329
8.467088 -0.731866
8.674112 -0.746361
8.870813 -0.759814
9.057191 -0.772225
9.233245 -0.783594
9.398977 -0.793921
9.554385 -0.803205
9.699471 -0.811448
9.834233 -0.818648
9.958673 -0.824806
10.072789 -0.829922
10.176583 -0.833996
10.270053 -0.837027
10.353200 -0.839017
10.426024 -0.839965
10.488526 -0.839870
10.540704 -0.838733
10.582559 -0.836554
10.614091 -0.833333
10.635300 -0.829070
10.646186 -0.823764
10.646749 -0.817417
10.636989 -0.810027
10.616906 -0.801596
10.586500 -0.792122
10.545771 -0.781606
10.494719 -0.770048
10.433343 -0.757447
10.361645 -0.743805
10.279624 -0.729121
10.187279 -0.713394
10.084612 -0.696625
9.971622 -0.678814
9.848308 -0.659961
9.714672 -0.640066
9.570712 -0.619129
9.416429 -0.597149
9.251824 -0.574128
9.076895 -0.550064
8.891913 -0.524973
8.709271 -0.499519
8.535703 -0.474066
8.371212 -0.448613
8.215796 -0.423160
8.069455 -0.397706
7.932189 -0.372253
7.803999 -0.346800
7.684885 -0.321347
7.574845 -0.295894
7.473882 -0.270440
7.381993 -0.244987
7.299180 -0.219534
7.225443 -0.194081
7.160780 -0.168628
7.105194 -0.143174
7.058682 -0.117721
7.021246 -0.092268
6.992885 -0.066815
6.973600 -0.041361
6.963390 -0.015908
6.962256 0.009545
6.970197 0.034998
6.987213 0.060451
7.013305 0.085905
7.048472 0.111358
7.092715 0.136811
7.146033 0.162264
7.208426 0.187717
7.279895 0.213171
7.360439 0.238624
7.450059 0.264077
7.548754 0.289530
7.656524 0.314984
7.773370 0.340437
7.899291 0.365890
8.034288 0.391343
8.178360 0.416796
8.331507 0.442250
8.493730 0.467703
8.665028 0.493156
8.845402 0.518609
9.031550 0.543885
9.209059 0.568209
9.376246 0.591492
9.533109 0.613731
9.679649 0.634929
9.815867 0.655085
9.941761 0.674199
10.057332 0.692270
10.162580 0.709299
10.257505 0.725287
10.342107 0.740232
10.416387 0.754135
10.480342 0.766995
10.533975 0.778814
10.577285 0.789591
10.610272 0.799325
10.632936 0.808017
10.645277 0.815667
10.647295 0.822275
10.638989 0.827841
10.620361 0.832365
10.591410 0.835847
10.552135 0.838286
10.502538 0.839683
10.442617 0.840039
10.372374 0.839352
10.291807 0.837623
10.200918 0.834851
10.099705 0.831038
9.988170 0.826183
9.866311 0.820285
9.734129 0.813345
9.591624 0.805363
9.438797 0.796340
9.275646 0.786273
9.102172 0.775165
8.918375 0.763015
8.724255 0.749822
8.519812 0.735588
8.305046 0.720311
8.079957 0.703992
7.844545 0.686631
7.844545 0.686631
7.606090 0.668885
7.371871 0.651411
7.141890 0.634208
6.916145 0.617278
6.694637 0.600619
6.477365 0.584232
6.264331 0.568117
6.055533 0.552274
5.850972 0.536703
5.650648 0.521404
5.454560 0.506376
5.262710 0.491621
5.075096 0.477137
4.891719 0.462926
4.712578 0.448986
4.537675 0.435318
4.367008 0.421922
4.200578 0.408797
4.038385 0.395945
3.880429 0.383364
3.726709 0.371056
3.577226 0.359019
3.431980 0.347254
3.290971 0.335761
3.154198 0.324540
3.021662 0.313591
2.893363 0.302913
2.769301 0.292508
2.649476 0.282374
2.533887 0.272513
2.422535 0.262923
2.315420 0.253605
2.212542 0.244559
2.113901 0.235784
2.019496 0.227282
1.929328 0.219052
1.843397 0.211093
1.761702 0.203406
1.684245 0.195991
1.611024 0.188848
1.542040 0.181977
1.476860 0.175345
1.411780 0.168668
1.345951 0.161880
1.279375 0.154983
1.212050 0.147976
1.143977 0.140858
1.075156 0.133631
1.005586 0.126294
0.935269 0.118847
0.864203 0.111290
0.792389 0.103623
0.719826 0.095846
0.646516 0.087958
0.572457 0.079961
0.497650 0.071854
0.422095 0.063638
0.345791 0.055311
0.268739 0.046874
0.190939 0.038327
0.112391 0.029670
0.033095 0.020903
-0.046950 0.012026
-0.127743 0.003040
-0.209284 -0.006057
-0.291573 -0.015264
-0.374611 -0.024580
-0.458397 -0.034007
-0.542931 -0.043544
-0.628213 -0.053190
-0.714243 -0.062947
-0.801022 -0.072813
-0.888549 -0.082790
-0.976824 -0.092876
-1.065848 -0.103072
-1.155619 -0.113379
-1.246139 -0.123795
-1.337407 -0.134321
-1.429423 -0.144958
-1.522188 -0.155704
-1.615701 -0.166560
-1.709962 -0.177526
-1.804971 -0.188603
-1.901614 -0.199780
-2.001519 -0.211040
-2.104722 -0.222384
-2.211223 -0.233812
-2.321021 -0.245323
-2.434118 -0.256918
-2.550512 -0.268595
-2.670204 -0.280357
-2.793194 -0.292202
-2.919481 -0.304130
-3.049067 -0.316141
-3.181950 -0.328237
-3.318131 -0.340415
-3.457610 -0.352677
-3.600387 -0.365022
-3.746462 -0.377451
-3.895834 -0.389963
-4.048504 -0.402559
-4.204472 -0.415238
-4.363738 -0.428001
-4.526302 -0.440847
-4.692163 -0.453776
-4.861323 -0.466789
-5.033780 -0.479886
-5.209535 -0.493065
-5.388588 -0.506328
-5.570938 -0.519675
-5.756587 -0.533105
-5.945533 -0.546619
-6.137777 -0.560216
-6.333319 -0.573896
-6.532159 -0.587660
-6.734296 -0.601507
-6.939732 -0.615438
-7.148465 -0.629452
-7.360496 -0.643549
-7.575825 -0.657730
-7.794451 -0.671995
-8.016376 -0.686342
-8.241598 -0.700774
-8.470118 -0.715288
-8.701505 -0.729854
-8.926273 -0.743763
-9.140542 -0.756724
-9.344312 -0.768738
-9.537582 -0.779805
-9.720354 -0.789924
-9.892627 -0.799096
-10.054400 -0.807320
-10.205675 -0.814597
-10.346450 -0.820927
-10.476726 -0.826310
-10.596503 -0.830745
-10.705782 -0.834233
-10.804561 -0.836774
-10.892841 -0.838367
-10.970621 -0.839013
-11.037903 -0.838712
-11.094686 -0.837463
-11.140970 -0.835267
-11.176754 -0.832124
-11.202040 -0.828033
-11.216826 -0.822995
-11.221113 -0.817010
-11.214901 -0.810077
-11.198190 -0.802197
-11.170980 -0.793370
-11.133271 -0.783595
-11.085063 -0.772873
-11.026356 -0.761204
-10.957150 -0.748587
-10.877444 -0.735023
-10.787240 -0.720512
-10.686536 -0.705054
-10.575334 -0.688648
-10.453632 -0.671294
-10.321431 -0.652994
-10.178731 -0.633746
-10.025532 -0.613551
-9.861834 -0.592408
-9.687637 -0.570318
-9.502941 -0.547281
-9.307745 -0.523297
-9.106564 -0.498576
-8.914063 -0.473802
-8.731371 -0.449028
-8.558489 -0.424254
-8.395415 -0.399480
-8.242150 -0.374706
-8.098694 -0.349932
-7.965047 -0.325158
-7.841209 -0.300384
-7.727179 -0.275610
-7.622959 -0.250836
-7.528548 -0.226062
-7.443946 -0.201288
-7.369153 -0.176514
-7.304168 -0.151740
-7.248993 -0.126966
-7.203626 -0.102192
-7.168069 -0.077419
-7.142320 -0.052645
-7.126381 -0.027871
-7.120250 -0.003097
-7.123929 0.021677
-7.137416 0.046451
-7.160712 0.071225
-7.193817 0.095999
-7.236732 0.120773
-7.289455 0.145547
-7.351987 0.170321
-7.424328 0.195095
-7.506478 0.219869
-7.598437 0.244643
-7.700205 0.269417
-7.811782 0.294191
-7.933168 0.318964
-8.064362 0.343738
-8.205366 0.368512
-8.356179 0.393286
-8.516800 0.418060
-8.687231 0.442834
-8.867471 0.467608
-9.057519 0.492382
-9.257306 0.517153
-9.455126 0.541374
-9.642447 0.564648
-9.819269 0.586975
-9.985592 0.608354
-10.141416 0.628786
-10.286740 0.648271
-10.421566 0.666808
-10.545893 0.684398
-10.659720 0.701041
-10.763048 0.716736
-10.855878 0.731484
-10.938208 0.745285
-11.010039 0.758139
-11.071371 0.770045
-11.122204 0.781003
-11.162538 0.791015
-11.192372 0.800079
-11.211708 0.808196
-11.220545 0.815365
-11.218882 0.821587
-11.206720 0.826862
-11.184060 0.831190
-11.150900 0.834570
-11.107241 0.837003
-11.053083 0.838488
-10.988426 0.839027
-10.913270 0.838617
-10.827615 0.837261
-10.731461 0.834957
-10.624807 0.831706
-10.507655 0.827508
-10.380003 0.822362
-10.241853 0.816269
-10.093203 0.809228
-9.934054 0.801241
-9.764406 0.792306
-9.584260 0.782423
-9.393614 0.771593
-9.192468 0.759816
-8.980824 0.747092
-8.758681 0.733420
-8.527763 0.718930
-8.298419 0.704395
-8.072372 0.689942
-7.849623 0.675574
-7.630172 0.661289
-7.414019 0.647087
-7.201163 0.632968
-6.991606 0.618933
-6.785346 0.604982
-6.582384 0.591114
-6.382720 0.577329
-6.186353 0.563628
-5.993285 0.550010
-5.803514 0.536476
-5.617041 0.523025
-5.433866 0.509657
-5.253989 0.496373
-5.077410 0.483173
-4.904128 0.470055
-4.734144 0.457022
-4.567458 0.444071
-4.404070 0.431205
-4.243980 0.418421
-4.087187 0.405721
-3.933692 0.393105
-3.783496 0.380571
-3.636597 0.368122
-3.492995 0.355756
-3.352692 0.343473
-3.215686 0.331273
-3.081979 0.319157
-2.951569 0.307125
-2.824456 0.295176
-2.700642 0.283310
-2.580126 0.271528
-2.462907 0.259829
-2.348986 0.248214
-2.238363 0.236682
-2.131038 0.225233
-2.027010 0.213868
-1.926281 0.202587
-1.828849 0.191389
-1.733644 0.180285
-1.639196 0.169291
-1.545496 0.158408
-1.452544 0.147634
-1.360341 0.136970
-1.268886 0.126416
-1.178179 0.115973
-1.088220 0.105639
-0.999010 0.095415
-0.910548 0.085301
-0.822834 0.075297
-0.735868 0.065403
-0.649650 0.055619
-0.564181 0.045945
-0.479460 0.036381
-0.395487 0.026927
-0.312263 0.017583
-0.229786 0.008348
-0.148058 -0.000776
-0.067078 -0.009790
0.013154 -0.018694
0.092637 -0.027489
0.171372 -0.036173
0.249359 -0.044747
0.326598 -0.053212
0.403089 -0.061566
0.478831 -0.069811
0.553825 -0.077945
0.628071 -0.085970
0.701569 -0.093884
0.774318 -0.101689
0.846319 -0.109383
0.917572 -0.116968
0.988077 -0.124442
1.057834 -0.131807
1.126842 -0.139062
1.195102 -0.146207
1.262614 -0.153241
1.329377 -0.160166
1.395393 -0.166981
1.460660 -0.173686
1.525456 -0.180302
1.593381 -0.187105
1.665542 -0.194180
1.741941 -0.201527
1.822576 -0.209146
1.907448 -0.217036
1.996557 -0.225199
2.089902 -0.233633
2.187484 -0.242340
2.289304 -0.251318
2.395359 -0.260568
2.505652 -0.270090
2.620182 -0.279883
2.738948 -0.289949
2.861951 -0.300287
2.989190 -0.310896
3.120667 -0.321777
3.256380 -0.332930
3.396330 -0.344355
3.540517 -0.356052
3.688941 -0.368021
3.841601 -0.380262
3.998499 -0.392774
4.159633 -0.405559
4.325003 -0.418615
4.494611 -0.431943
4.668455 -0.445543
4.846536 -0.459415
5.028854 -0.473559
5.215409 -0.487975
5.406201 -0.502662
5.601229 -0.517622
5.800494 -0.532853
6.003996 -0.548356
6.211734 -0.564131
6.423710 -0.580178
6.639922 -0.596497
6.860371 -0.613087
7.085056 -0.629950
7.313979 -0.647084
7.547138 -0.664491
7.784534 -0.682169
8.022072 -0.699749
8.249742 -0.716329
8.467088 -0.731866
8.674112 -0.746361
8.870813 -0.759814
9.057191 -0.772225
9.233245 -0.783594
9.398977 -0.793921
9.554385 -0.803205
9.699471 -0.811448
9.834233 -0.818648
9.958673 -0.824806
10.072789 -0.829922
10.176583 -0.833996
10.270053 -0.837027
10.353200 -0.839017
10.426024 -0.839965
10.488526 -0.839870
10.540704 -0.838733
10.582559 -0.836554
10.614091 -0.833333
10.635300 -0.829070
10.646186 -0.823764
10.646749 -0.817417
10.636989 -0.810027
10.616906 -0.801596
10.586500 -0.792122
10.545771 -0.781606
10.494719 -0.770048
10.433343 -0.757447
10.361645 -0.743805
10.279624 -0.729121
10.187279 -0.713394
10.084612 -0.696625
9.971622 -0.678814
9.848308 -0.659961
9.714672 -0.640066
9.570712 -0.619129
9.416429 -0.597149
9.251824 -0.574128
9.076895 -0.550064
8.891913 -0.524973
8.709271 -0.499519
8.535703 -0.474066
8.371212 -0.448613
8.215796 -0.423160
8.069455 -0.397706
7.932189 -0.372253
7.803999 -0.346800
7.684885 -0.321347
7.574845 -0.295894
7.473882 -0.270440
7.381993 -0.244987
7.299180 -0.219534
7.225443 -0.194081
7.160780 -0.168628
7.105194 -0.143174
7.058682 -0.117721
7.021246 -0.092268
6.992885 -0.066815
6.973600 -0.041361
6.963390 -0.015908
6.962256 0.009545
6.970197 0.034998
6.987213 0.060451
7.013305 0.085905
7.048472 0.111358
7.092715 0.136811
7.146033 0.162264
7.208426 0.187717
7.279895 0.213171
7.360439 0.238624
7.450059 0.264077
7.548754 0.289530
7.656524 0.314984
7.773370 0.340437
7.899291 0.365890
8.034288 0.391343
8.178360 0.416796
8.331507 0.442250
8.493730 0.467703
8.665028 0.493156
8.845402 0.518609
9.031550 0.543885
9.209059 0.568209
9.376246 0.591492
9.533109 0.613731
9.679649 0.634929
9.815867 0.655085
9.941761 0.674199
10.057332 0.692270
10.162580 0.709299
10.257505 0.725287
10.342107 0.740232
10.416387 0.754135
10.480342 0.766995
10.533975 0.778814
10.577285 0.789591
10.610272 0.799325
10.632936 0.808017
10.645277 0.815667
10.647295 0.822275
10.638989 0.827841
10.620361 0.832365
10.591410 0.835847
10.552135 0.838286
10.502538 0.839683
10.442617 0.840039
10.372374 0.839352
10.291807 0.837623
10.200918 0.834851
10.099705 0.831038
9.988170 0.826183
9.866311 0.820285
9.734129 0.813345
9.591624 0.805363
9.438797 0.796340
9.275646 0.786273
9.102172 0.775165
8.918375 0.763015
8.724255 0.749822
8.519812 0.735588
8.305046 0.720311
8.079957 0.703992
7.844545 0.686631
6.154833 1.545898
6.109496 1.592120
6.064642 1.642244
6.020270 1.696268
5.976380 1.754193
5.932973 1.816020
5.890048 1.881748
5.847606 1.951377
5.805646 2.024907
5.764168 2.102338
5.723173 2.183670
5.682660 2.268903
5.642630 2.358038
5.603082 2.451073
5.564016 2.548010
5.525433 2.648848
5.488211 2.754168
5.460247 2.869195
5.443421 2.995169
5.437730 3.132091
5.443176 3.279961
5.459758 3.438778
5.487477 3.608544
5.526333 3.789258
5.576324 3.980919
5.637452 4.183528
5.709717 4.397086
5.793118 4.621591
5.887655 4.857044
5.993329 5.103444
6.110139 5.360793
6.238086 5.629090
6.371344 5.903025
6.498402 6.172106
6.618950 6.436049
6.732987 6.694855
6.840513 6.948525
6.941529 7.197056
7.036035 7.440451
7.124030 7.678709
7.205515 7.911829
7.280489 8.139812
7.348952 8.362658
7.410905 8.580367
7.466348 8.792938
7.515280 9.000373
7.557702 9.202670
7.593338 9.399667
7.614490 9.586808
7.617654 9.762018
7.602830 9.925299
7.570020 10.076649
7.519221 10.216070
7.450435 10.343561
7.363662 10.459121
7.258901 10.562752
7.136153 10.654453
6.995417 10.734224
6.836694 10.802065
6.659983 10.857976
6.465284 10.901957
6.252599 10.934008
6.021925 10.954129
5.778060 10.961613
5.539034 10.953797
5.306574 10.930426
5.080680 10.891502
4.861351 10.837023
4.648588 10.766990
4.442391 10.681402
4.242759 10.580261
4.049693 10.463565
3.863193 10.331315
3.683259 10.183510
3.509890 10.020151
3.343087 9.841238
3.182850 9.646771
3.029179 9.436749
2.882070 9.211186
2.738744 8.983095
2.596738 8.763996
2.456053 8.553887
2.316688 8.352769
2.178644 8.160642
2.041920 7.977506
1.906517 7.803360
1.772435 7.638206
1.639673 7.482042
1.508232 7.334870
1.378111 7.196688
1.249311 7.067497
1.121832 6.947296
0.995673 6.836087
0.870835 6.733869
0.747574 6.641258
0.627890 6.563060
0.512207 6.500294
0.400525 6.452960
0.292844 6.421059
0.189164 6.404590
0.089485 6.403553
-0.006193 6.417948
-0.097870 6.447775
-0.185546 6.493035
-0.269220 6.553726
-0.348894 6.629850
-0.424567 6.721406
-0.496238 6.828395
-0.563909 6.950815
-0.627579 7.088668
-0.691919 7.237125
-0.765224 7.387615
-0.847654 7.539973
-0.939208 7.694198
-1.039887 7.850292
-1.149690 8.008254
-1.268618 8.168083
-1.396670 8.329780
-1.533847 8.493345
-1.680148 8.658778
-1.835574 8.826079
-2.000125 8.995248
-2.173800 9.166285
-2.356600 9.339189
-2.548524 9.513961
-2.749469 9.690110
-2.957153 9.856820
-3.170644 10.009666
-3.389940 10.148649
-3.615043 10.273769
-3.845951 10.385026
-4.082665 10.482419
-4.325185 10.565949
-4.573512 10.635615
-4.827644 10.691419
-5.087582 10.733359
-5.353326 10.761435
-5.624877 10.775649
-5.902233 10.775999
-6.185395 10.762486
-6.474363 10.735109
-6.761181 10.693644
-7.019039 10.637333
-7.245755 10.566113
-7.441328 10.479985
-7.605759 10.378948
-7.739047 10.263003
-7.841192 10.132150
-7.912195 9.986388
-7.952055 9.825718
-7.960773 9.650139
-7.938348 9.459652
-7.884781 9.254257
-7.800071 9.033953
-7.684218 8.798741
-7.537223 8.548621
-7.359199 8.283660
-7.182523 8.023181
-7.032668 7.782385
-6.909634 7.561272
-6.813420 7.359843
-6.744028 7.178098
-6.701456 7.016036
-6.685705 6.873657
-6.696775 6.750962
-6.734666 6.647950
-6.799378 6.564621
-6.890911 6.500977
-7.009264 6.457015
-7.154438 6.432737
-7.326433 6.428142
-7.525249 6.443231
-7.747260 6.474737
-7.967747 6.500395
-8.182052 6.516011
-8.390176 6.521583
-8.592118 6.517112
-8.787879 6.502599
-8.977458 6.478043
-9.160856 6.443443
-9.338073 6.398801
-9.509108 6.344116
-9.673961 6.279388
-9.832633 6.204617
-9.985124 6.119803
-10.131433 6.024947
-10.271561 5.920047
-10.405507 5.805104
-10.522904 5.680272
-10.607247 5.545792
-10.658324 5.401669
-10.676136 5.247902
-10.660683 5.084491
-10.611964 4.911437
-10.529979 4.728739
-10.414730 4.536397
-10.266215 4.334411
-10.084434 4.122782
-9.869388 3.901509
-9.621076 3.670592
-9.339499 3.430031
-9.024657 3.179827
-8.676549 2.919979
-8.298472 2.651458
-7.948938 2.391506
-7.649473 2.146463
-7.400077 1.916331
-7.200749 1.701110
-7.051490 1.500798
-6.952300 1.315397
-6.903179 1.144906
-6.904126 0.989326
-6.955142 0.848656
-7.056227 0.722896
-7.207381 0.612047
-7.408603 0.516108
-7.659894 0.435079
-7.961254 0.368960
-8.312682 0.317752
-8.690462 0.277931
-9.022851 0.238837
-9.304950 0.199744
-9.536758 0.160650
-9.718276 0.121556
-9.849503 0.082463
-9.930439 0.043369
-9.961085 0.004276
-9.941440 -0.034818
-9.871505 -0.073911
-9.751279 -0.113005
-9.580763 -0.152098
-9.359955 -0.191192
-9.088858 -0.230285
-8.767469 -0.269379
-8.396232 -0.308538
-8.033850 -0.356485
-7.721538 -0.419341
-7.459295 -0.497109
-7.247120 -0.589786
-7.085014 -0.697374
-6.972976 -0.819872
-6.911007 -0.957280
-6.899108 -1.109599
-6.937276 -1.276828
-7.025514 -1.458968
-7.163820 -1.656017
-7.352195 -1.867977
-7.590639 -2.094848
-7.879152 -2.336629
-8.217733 -2.593320
-8.595966 -2.861852
-8.951351 -3.123809
-9.273470 -3.376123
-9.562324 -3.618793
-9.817912 -3.851820
-10.040235 -4.075202
-10.229293 -4.288941
-10.385085 -4.493036
-10.507611 -4.687488
-10.596872 -4.872296
-10.652868 -5.047460
-10.675598 -5.212980
-10.665063 -5.368856
-10.621262 -5.515089
-10.544196 -5.651678
-10.433865 -5.778624
-10.301390 -5.895761
-10.162614 -6.002858
-10.017657 -6.099912
-9.866519 -6.186922
-9.709199 -6.263890
-9.545697 -6.330815
-9.376015 -6.387697
-9.200150 -6.434536
-9.018105 -6.471332
-8.829878 -6.498085
-8.635469 -6.514796
-8.434879 -6.521463
-8.228107 -6.518088
-8.015154 -6.504669
-7.796020 -6.481208
-7.572315 -6.449155
-7.367633 -6.429761
-7.189770 -6.430050
-7.038729 -6.450022
-6.914509 -6.489678
-6.817109 -6.549017
-6.746530 -6.628040
-6.702772 -6.726746
-6.685835 -6.845135
-6.695719 -6.983208
-6.732424 -7.140965
-6.795949 -7.318405
-6.886295 -7.515528
-7.003462 -7.732334
-7.147450 -7.968825
-7.318259 -8.224998
-7.500917 -8.491920
-7.654724 -8.745302
-7.777389 -8.983775
-7.868912 -9.207340
-7.929291 -9.415996
-7.958529 -9.609744
-7.956623 -9.788584
-7.923576 -9.952515
-7.859385 -10.101538
-7.764052 -10.235653
-7.637577 -10.354859
-7.479958 -10.459157
-7.291198 -10.548546
-7.071294 -10.623027
-6.820248 -10.682600
-6.538349 -10.727272
-6.248110 -10.757682
-5.963678 -10.774227
-5.685052 -10.776910
-5.412232 -10.765729
-5.145218 -10.740685
-4.884009 -10.701778
-4.628607 -10.649007
-4.379011 -10.582373
-4.135220 -10.501876
-3.897236 -10.407515
-3.665058 -10.299291
-3.438685 -10.177204
-3.218119 -10.041253
-3.003358 -9.891440
-2.794404 -9.727762
-2.591724 -9.552442
-2.397803 -9.377261
-2.213008 -9.203948
-2.037337 -9.032503
-1.870790 -8.862925
-1.713368 -8.695216
-1.565071 -8.529374
-1.425898 -8.365400
-1.295849 -8.203295
-1.174926 -8.043057
-1.063126 -7.884687
-0.960452 -7.728184
-0.866902 -7.573550
-0.782476 -7.420783
-0.707175 -7.269885
-0.640999 -7.120854
-0.578179 -6.979652
-0.511383 -6.853856
-0.440587 -6.743491
-0.365789 -6.648560
-0.286991 -6.569060
-0.204191 -6.504992
-0.117391 -6.456357
-0.026589 -6.423154
0.068214 -6.405383
0.167017 -6.403044
0.269822 -6.416137
0.376628 -6.444663
0.487434 -6.488621
0.602242 -6.548011
0.721051 -6.622833
0.843703 -6.712707
0.968252 -6.812959
1.094122 -6.922201
1.221312 -7.040435
1.349823 -7.167659
1.479655 -7.303874
1.610807 -7.449080
1.743280 -7.603277
1.877074 -7.766465
2.012188 -7.938643
2.148623 -8.119813
2.286378 -8.309973
2.425454 -8.509124
2.565850 -8.717266
2.707567 -8.934399
2.850605 -9.160523
2.996438 -9.388734
3.148673 -9.602158
3.307474 -9.800028
3.472841 -9.982343
3.644774 -10.149104
3.823272 -10.300311
4.008336 -10.435964
4.199965 -10.556063
4.398160 -10.660607
4.602921 -10.749597
4.814248 -10.823032
5.032141 -10.880914
5.256599 -10.923241
5.487623 -10.950014
5.725212 -10.961232
5.969068 -10.956941
6.203676 -10.939429
6.420296 -10.909988
6.618930 -10.868616
6.799575 -10.815315
6.962233 -10.750084
7.106904 -10.672922
7.233587 -10.583831
7.342282 -10.482810
7.432991 -10.369859
7.505711 -10.244978
7.560444 -10.108167
7.597190 -9.959426
7.615948 -9.798755
7.616719 -9.626154
7.599502 -9.441624
7.566114 -9.246237
7.525116 -9.045064
7.477608 -8.838754
7.423590 -8.627306
7.363061 -8.410721
7.296021 -8.188999
7.222471 -7.962139
7.142411 -7.730143
7.055840 -7.493009
6.962759 -7.250738
6.863167 -7.003330
6.757065 -6.750785
6.644452 -6.493102
6.525328 -6.230282
6.399695 -5.962325
6.267550 -5.689231
6.137176 -5.418548
6.017930 -5.158804
5.909820 -4.910008
5.812846 -4.672161
5.727009 -4.445261
5.652309 -4.229309
5.588744 -4.024304
5.536317 -3.830248
5.495025 -3.647140
5.464870 -3.474979
5.445852 -3.313767
5.437970 -3.163502
5.441224 -3.024185
5.455615 -2.895816
5.481142 -2.778395
5.517057 -2.671426
5.555535 -2.569735
5.594495 -2.471945
5.633937 -2.378056
5.673862 -2.288068
5.714270 -2.201981
5.755159 -2.119796
5.796531 -2.041511
5.838386 -1.967128
5.880723 -1.896646
5.923542 -1.830065
5.966844 -1.767385
6.010628 -1.708606
6.054894 -1.653728
6.099643 -1.602751
6.144874 -1.555676
6.196200 -1.510670
6.265958 -1.463710
6.354588 -1.414650
6.462090 -1.363492
6.588465 -1.310235
6.733712 -1.254879
6.897831 -1.197424
7.080823 -1.137871
7.282687 -1.076218
7.503423 -1.012467
7.743031 -0.946617
8.001511 -0.878668
8.278864 -0.808621
8.575089 -0.736474
8.890186 -0.662229
9.223058 -0.585922
9.532957 -0.508922
9.799265 -0.431922
10.021984 -0.354922
10.201112 -0.277922
10.336650 -0.200922
10.428598 -0.123922
10.476956 -0.046922
10.481724 0.030078
10.442901 0.107078
10.360489 0.184078
10.234486 0.261078
10.064893 0.338078
9.851710 0.415078
9.594936 0.492078
9.294573 0.569078
8.961629 0.645708
8.642404 0.720412
8.342051 0.793018
8.060570 0.863525
7.797961 0.931933
7.554224 0.998242
7.329360 1.062452
7.123368 1.124564
6.936248 1.184576
6.768001 1.242490
6.618625 1.298305
6.488122 1.352021
6.376491 1.403639
6.283733 1.453157
6.209847 1.500577
6.154833 1.545898
6.154833 1.545898
6.109496 1.592120
6.064642 1.642244
6.020270 1.696268
5.976380 1.754193
5.932973 1.816020
5.890048 1.881748
5.847606 1.951377
5.805646 2.024907
5.764168 2.102338
5.723173 2.183670
5.682660 2.268903
5.642630 2.358038
5.603082 2.451073
5.564016 2.548010
5.525433 2.648848
5.488211 2.754168
5.460247 2.869195
5.443421 2.995169
5.437730 3.132091
5.443176 3.279961
5.459758 3.438778
5.487477 3.608544
5.526333 3.789258
5.576324 3.980919
5.637452 4.183528
5.709717 4.397086
5.793118 4.621591
5.887655 4.857044
5.993329 5.103444
6.110139 5.360793
6.238086 5.629090
6.371344 5.903025
6.498402 6.172106
6.618950 6.436049
6.732987 6.694855
6.840513 6.948525
6.941529 7.197056
7.036035 7.440451
7.124030 7.678709
7.205515 7.911829
7.280489 8.139812
7.348952 8.362658
7.410905 8.580367
7.466348 8.792938
7.515280 9.000373
7.557702 9.202670
7.593338 9.399667
7.614490 9.586808
7.617654 9.762018
7.602830 9.925299
7.570020 10.076649
7.519221 10.216070
7.450435 10.343561
7.363662 10.459121
7.258901 10.562752
7.136153 10.654453
6.995417 10.734224
6.836694 10.802065
6.659983 10.857976
6.465284 10.901957
6.252599 10.934008
6.021925 10.954129
5.778060 10.961613
5.539034 10.953797
5.306574 10.930426
5.080680 10.891502
4.861351 10.837023
4.648588 10.766990
4.442391 10.681402
4.242759 10.580261
4.049693 10.463565
3.863193 10.331315
3.683259 10.183510
3.509890 10.020151
3.343087 9.841238
3.182850 9.646771
3.029179 9.436749
2.882070 9.211186
2.738744 8.983095
2.596738 8.763996
2.456053 8.553887
2.316688 8.352769
2.178644 8.160642
2.041920 7.977506
1.906517 7.803360
1.772435 7.638206
1.639673 7.482042
1.508232 7.334870
1.378111 7.196688
1.249311 7.067497
1.121832 6.947296
0.995673 6.836087
0.870835 6.733869
0.747574 6.641258
0.627890 6.563060
0.512207 6.500294
0.400525 6.452960
0.292844 6.421059
0.189164 6.404590
0.089485 6.403553
-0.006193 6.417948
-0.097870 6.447775
-0.185546 6.493035
-0.269220 6.553726
-0.348894 6.629850
-0.424567 6.721406
-0.496238 6.828395
-0.563909 6.950815
-0.627579 7.088668
-0.691919 7.237125
-0.765224 7.387615
-0.847654 7.539973
-0.939208 7.694198
-1.039887 7.850292
-1.149690 8.008254
-1.268618 8.168083
-1.396670 8.329780
-1.533847 8.493345
-1.680148 8.658778
-1.835574 8.826079
-2.000125 8.995248
-2.173800 9.166285
-2.356600 9.339189
-2.548524 9.513961
-2.749469 9.690110
-2.957153 9.856820
-3.170644 10.009666
-3.389940 10.148649
-3.615043 10.273769
-3.845951 10.385026
-4.082665 10.482419
-4.325185 10.565949
-4.573512 10.635615
-4.827644 10.691419
-5.087582 10.733359
-5.353326 10.761435
-5.624877 10.775649
-5.902233 10.775999
-6.185395 10.762486
-6.474363 10.735109
-6.761181 10.693644
-7.019039 10.637333
-7.245755 10.566113
-7.441328 10.479985
-7.605759 10.378948
-7.739047 10.263003
-7.841192 10.132150
-7.912195 9.986388
-7.952055 9.825718
-7.960773 9.650139
-7.938348 9.459652
-7.884781 9.254257
-7.800071 9.033953
-7.684218 8.798741
-7.537223 8.548621
-7.359199 8.283660
-7.182523 8.023181
-7.032668 7.782385
-6.909634 7.561272
-6.813420 7.359843
-6.744028 7.178098
-6.701456 7.016036
-6.685705 6.873657
-6.696775 6.750962
-6.734666 6.647950
-6.799378 6.564621
-6.890911 6.500977
-7.009264 6.457015
-7.154438 6.432737
-7.326433 6.428142
-7.525249 6.443231
-7.747260 6.474737
-7.967747 6.500395
-8.182052 6.516011
-8.390176 6.521583
-8.592118 6.517112
-8.787879 6.502599
-8.977458 6.478043
-9.160856 6.443443
-9.338073 6.398801
-9.509108 6.344116
-9.673961 6.279388
-9.832633 6.204617
-9.985124 6.119803
-10.131433 6.024947
-10.271561 5.920047
-10.405507 5.805104
-10.522904 5.680272
-10.607247 5.545792
-10.658324 5.401669
-10.676136 5.247902
-10.660683 5.084491
-10.611964 4.911437
-10.529979 4.728739
-10.414730 4.536397
-10.266215 4.334411
-10.084434 4.122782
-9.869388 3.901509
-9.621076 3.670592
-9.339499 3.430031
-9.024657 3.179827
-8.676549 2.919979
-8.298472 2.651458
-7.948938 2.391506
-7.649473 2.146463
-7.400077 1.916331
-7.200749 1.701110
-7.051490 1.500798
-6.952300 1.315397
-6.903179 1.144906
-6.904126 0.989326
-6.955142 0.848656
-7.056227 0.722896
-7.207381 0.612047
-7.408603 0.516108
-7.659894 0.435079
-7.961254 0.368960
-8.312682 0.317752
-8.690462 0.277931
-9.022851 0.238837
-9.304950 0.199744
-9.536758 0.160650
-9.718276 0.121556
-9.849503 0.082463
-9.930439 0.043369
-9.961085 0.004276
-9.941440 -0.034818
-9.871505 -0.073911
-9.751279 -0.113005
-9.580763 -0.152098
-9.359955 -0.191192
-9.088858 -0.230285
-8.767469 -0.269379
-8.396232 -0.308538
-8.033850 -0.356485
-7.721538 -0.419341
-7.459295 -0.497109
-7.247120 -0.589786
-7.085014 -0.697374
-6.972976 -0.819872
-6.911007 -0.957280
-6.899108 -1.109599
-6.937276 -1.276828
-7.025514 -1.458968
-7.163820 -1.656017
-7.352195 -1.867977
-7.590639 -2.094848
-7.879152 -2.336629
-8.217733 -2.593320
-8.595966 -2.861852
-8.951351 -3.123809
-9.273470 -3.376123
-9.562324 -3.618793
-9.817912 -3.851820
-10.040235 -4.075202
-10.229293 -4.288941
-10.385085 -4.493036
-10.507611 -4.687488
-10.596872 -4.872296
-10.652868 -5.047460
-10.675598 -5.212980
-10.665063 -5.368856
-10.621262 -5.515089
-10.544196 -5.651678
-10.433865 -5.778624
-10.301390 -5.895761
-10.162614 -6.002858
-10.017657 -6.099912
-9.866519 -6.186922
-9.709199 -6.263890
-9.545697 -6.330815
-9.376015 -6.387697
-9.200150 -6.434536
-9.018105 -6.471332
-8.829878 -6.498085
-8.635469 -6.514796
-8.434879 -6.521463
-8.228107 -6.518088
-8.015154 -6.504669
-7.796020 -6.481208
-7.572315 -6.449155
-7.367633 -6.429761
-7.189770 -6.430050
-7.038729 -6.450022
-6.914509 -6.489678
-6.817109 -6.549017
-6.746530 -6.628040
-6.702772 -6.726746
-6.685835 -6.845135
-6.695719 -6.983208
-6.732424 -7.140965
-6.795949 -7.318405
-6.886295 -7.515528
-7.003462 -7.732334
-7.147450 -7.968825
-7.318259 -8.224998
-7.500917 -8.491920
-7.654724 -8.745302
-7.777389 -8.983775
-7.868912 -9.207340
-7.929291 -9.415996
-7.958529 -9.609744
-7.956623 -9.788584
-7.923576 -9.952515
-7.859385 -10.101538
-7.764052 -10.235653
-7.637577 -10.354859
-7.479958 -10.459157
-7.291198 -10.548546
-7.071294 -10.623027
-6.820248 -10.682600
-6.538349 -10.727272
-6.248110 -10.757682
-5.963678 -10.774227
-5.685052 -10.776910
-5.412232 -10.765729
-5.145218 -10.740685
-4.884009 -10.701778
-4.628607 -10.649007
-4.379011 -10.582373
-4.135220 -10.501876
-3.897236 -10.407515
-3.665058 -10.299291
-3.438685 -10.177204
-3.218119 -10.041253
-3.003358 -9.891440
-2.794404 -9.727762
-2.591724 -9.552442
-2.397803 -9.377261
-2.213008 -9.203948
-2.037337 -9.032503
-1.870790 -8.862925
-1.713368 -8.695216
-1.565071 -8.529374
-1.425898 -8.365400
-1.295849 -8.203295
-1.174926 -8.043057
-1.063126 -7.884687
-0.960452 -7.728184
-0.866902 -7.573550
-0.782476 -7.420783
-0.707175 -7.269885
-0.640999 -7.120854
-0.578179 -6.979652
-0.511383 -6.853856
-0.440587 -6.743491
-0.365789 -6.648560
-0.286991 -6.569060
-0.204191 -6.504992
-0.117391 -6.456357
-0.026589 -6.423154
0.068214 -6.405383
0.167017 -6.403044
0.269822 -6.416137
0.376628 -6.444663
0.487434 -6.488621
0.602242 -6.548011
0.721051 -6.622833
0.843703 -6.712707
0.968252 -6.812959
1.094122 -6.922201
1.221312 -7.040435
1.349823 -7.167659
1.479655 -7.303874
1.610807 -7.449080
1.743280 -7.603277
1.877074 -7.766465
2.012188 -7.938643
2.148623 -8.119813
2.286378 -8.309973
2.425454 -8.509124
2.565850 -8.717266
2.707567 -8.934399
2.850605 -9.160523
2.996438 -9.388734
3.148673 -9.602158
3.307474 -9.800028
3.472841 -9.982343
3.644774 -10.149104
3.823272 -10.300311
4.008336 -10.435964
4.199965 -10.556063
4.398160 -10.660607
4.602921 -10.749597
4.814248 -10.823032
5.032141 -10.880914
5.256599 -10.923241
5.487623 -10.950014
5.725212 -10.961232
5.969068 -10.956941
6.203676 -10.939429
6.420296 -10.909988
6.618930 -10.868616
6.799575 -10.815315
6.962233 -10.750084
7.106904 -10.672922
7.233587 -10.583831
7.342282 -10.482810
7.432991 -10.369859
7.505711 -10.244978
7.560444 -10.108167
7.597190 -9.959426
7.615948 -9.798755
7.616719 -9.626154
7.599502 -9.441624
7.566114 -9.246237
7.525116 -9.045064
7.477608 -8.838754
7.423590 -8.627306
7.363061 -8.410721
7.296021 -8.188999
7.222471 -7.962139
7.142411 -7.730143
7.055840 -7.493009
6.962759 -7.250738
6.863167 -7.003330
6.757065 -6.750785
6.644452 -6.493102
6.525328 -6.230282
6.399695 -5.962325
6.267550 -5.689231
6.137176 -5.418548
6.017930 -5.158804
5.909820 -4.910008
5.812846 -4.672161
5.727009 -4.445261
5.652309 -4.229309
5.588744 -4.024304
5.536317 -3.830248
5.495025 -3.647140
5.464870 -3.474979
5.445852 -3.313767
5.437970 -3.163502
5.441224 -3.024185
5.455615 -2.895816
5.481142 -2.778395
5.517057 -2.671426
5.555535 -2.569735
5.594495 -2.471945
5.633937 -2.378056
5.673862 -2.288068
5.714270 -2.201981
5.755159 -2.119796
5.796531 -2.041511
5.838386 -1.967128
5.880723 -1.896646
5.923542 -1.830065
5.966844 -1.767385
6.010628 -1.708606
6.054894 -1.653728
6.099643 -1.602751
6.144874 -1.555676
6.196200 -1.510670
6.265958 -1.463710
6.354588 -1.414650
6.462090 -1.363492
6.588465 -1.310235
6.733712 -1.254879
6.897831 -1.197424
7.080823 -1.137871
7.282687 -1.076218
7.503423 -1.012467
7.743031 -0.946617
8.001511 -0.878668
8.278864 -0.808621
8.575089 -0.736474
8.890186 -0.662229
9.223058 -0.585922
9.532957 -0.508922
9.799265 -0.431922
10.021984 -0.354922
10.201112 -0.277922
10.336650 -0.200922
10.428598 -0.123922
10.476956 -0.046922
10.481724 0.030078
10.442901 0.107078
10.360489 0.184078
10.234486 0.261078
10.064893 0.338078
9.851710 0.415078
9.594936 0.492078
9.294573 0.569078
8.961629 0.645708
8.642404 0.720412
8.342051 0.793018
8.060570 0.863525
7.797961 0.931933
7.554224 0.998242
7.329360 1.062452
7.123368 1.124564
6.936248 1.184576
6.768001 1.242490
6.618625 1.298305
6.488122 1.352021
6.376491 1.403639
6.283733 1.453157
6.209847 1.500577
6.154833 1.545898
6.154833 1.545898
6.109496 1.592120
6.064642 1.642244
6.020270 1.696268
5.976380 1.754193
5.932973 1.816020
5.890048 1.881748
5.847606 1.951377
5.805646 2.024907
5.764168 2.102338
5.723173 2.183670
5.682660 2.268903
5.642630 2.358038
5.603082 2.451073
5.564016 2.548010
5.525433 2.648848
5.488211 2.754168
5.460247 2.869195
5.443421 2.995169
5.437730 3.132091
5.443176 3.279961
5.459758 3.438778
5.487477 3.608544
5.526333 3.789258
5.576324 3.980919
5.637452 4.183528
5.709717 4.397086
5.793118 4.621591
5.887655 4.857044
5.993329 5.103444
6.110139 5.360793
6.238086 5.629090
6.371344 5.903025
6.498402 6.172106
6.618950 6.436049
6.732987 6.694855
6.840513 6.948525
6.941529 7.197056
7.036035 7.440451
7.124030 7.678709
7.205515 7.911829
7.280489 8.139812
7.348952 8.362658
7.410905 8.580367
7.466348 8.792938
7.515280 9.000373
7.557702 9.202670
7.593338 9.399667
7.614490 9.586808
7.617654 9.762018
7.602830 9.925299
7.570020 10.076649
7.519221 10.216070
7.450435 10.343561
7.363662 10.459121
7.258901 10.562752
7.136153 10.654453
6.995417 10.734224
6.836694 10.802065
6.659983 10.857976
6.465284 10.901957
6.252599 10.934008
6.021925 10.954129
5.778060 10.961613
5.539034 10.953797
5.306574 10.930426
5.080680 10.891502
4.861351 10.837023
4.648588 10.766990
4.442391 10.681402
4.242759 10.580261
4.049693 10.463565
3.863193 10.331315
3.683259 10.183510
3.509890 10.020151
3.343087 9.841238
3.182850 9.646771
3.029179 9.436749
2.882070 9.211186
2.738744 8.983095
2.596738 8.763996
2.456053 8.553887
2.316688 8.352769
2.178644 8.160642
2.041920 7.977506
1.906517 7.803360
1.772435 7.638206
1.639673 7.482042
1.508232 7.334870
1.378111 7.196688
1.249311 7.067497
1.121832 6.947296
0.995673 6.836087
0.870835 6.733869
0.747574 6.641258
0.627890 6.563060
0.512207 6.500294
0.400525 6.452960
0.292844 6.421059
0.189164 6.404590
0.089485 6.403553
-0.006193 6.417948
-0.097870 6.447775
-0.185546 6.493035
-0.269220 6.553726
-0.348894 6.629850
-0.424567 6.721406
-0.496238 6.828395
-0.563909 6.950815
-0.627579 7.088668
-0.691919 7.237125
-0.765224 7.387615
-0.847654 7.539973
-0.939208 7.694198
-1.039887 7.850292
-1.149690 8.008254
-1.268618 8.168083
-1.396670 8.329780
-1.533847 8.493345
-1.680148 8.658778
-1.835574 8.826079
-2.000125 8.995248
-2.173800 9.166285
-2.356600 9.339189
-2.548524 9.513961
-2.749469 9.690110
-2.957153 9.856820
-3.170644 10.009666
-3.389940 10.148649
-3.615043 10.273769
-3.845951 10.385026
-4.082665 10.482419
-4.325185 10.565949
-4.573512 10.635615
-4.827644 10.691419
-5.087582 10.733359
-5.353326 10.761435
-5.624877 10.775649
-5.902233 10.775999
-6.185395 10.762486
-6.474363 10.735109
-6.761181 10.693644
-7.019039 10.637333
-7.245755 10.566113
-7.441328 10.479985
-7.605759 10.378948
-7.739047 10.263003
-7.841192 10.132150
-7.912195 9.986388
-7.952055 9.825718
-7.960773 9.650139
-7.938348 9.459652
-7.884781 9.254257
-7.800071 9.033953
-7.684218 8.798741
-7.537223 8.548621
-7.359199 8.283660
-7.182523 8.023181
-7.032668 7.782385
-6.909634 7.561272
-6.813420 7.359843
-6.744028 7.178098
-6.701456 7.016036
-6.685705 6.873657
-6.696775 6.750962
-6.734666 6.647950
-6.799378 6.564621
-6.890911 6.500977
-7.009264 6.457015
-7.154438 6.432737
-7.326433 6.428142
-7.525249 6.443231
-7.747260 6.474737
-7.967747 6.500395
-8.182052 6.516011
-8.390176 6.521583
-8.592118 6.517112
-8.787879 6.502599
-8.977458 6.478043
-9.160856 6.443443
-9.338073 6.398801
-9.509108 6.344116
-9.673961 6.279388
-9.832633 6.204617
-9.985124 6.119803
-10.131433 6.024947
-10.271561 5.920047
-10.405507 5.805104
-10.522904 5.680272
-10.607247 5.545792
-10.658324 5.401669
-10.676136 5.247902
-10.660683 5.084491
-10.611964 4.911437
-10.529979 4.728739
-10.414730 4.536397
-10.266215 4.334411
-10.084434 4.122782
-9.869388 3.901509
-9.621076 3.670592
-9.339499 3.430031
-9.024657 3.179827
-8.676549 2.919979
-8.298472 2.651458
-7.948938 2.391506
-7.649473 2.146463
-7.400077 1.916331
-7.200749 1.701110
-7.051490 1.500798
-6.952300 1.315397
-6.903179 1.144906
-6.904126 0.989326
-6.955142 0.848656
-7.056227 0.722896
-7.207381 0.612047
-7.408603 0.516108
-7.659894 0.435079
-7.961254 0.368960
-8.312682 0.317752
-8.690462 0.277931
-9.022851 0.238837
-9.304950 0.199744
-9.536758 0.160650
-9.718276 0.121556
-9.849503 0.082463
-9.930439 0.043369
-9.961085 0.004276
-9.941440 -0.034818
-9.871505 -0.073911
-9.751279 -0.113005
-9.580763 -0.152098
-9.359955 -0.191192
-9.088858 -0.230285
-8.767469 -0.269379
-8.396232 -0.308538
-8.033850 -0.356485
-7.721538 -0.419341
-7.459295 -0.497109
-7.247120 -0.589786
-7.085014 -0.697374
-6.972976 -0.819872
-6.911007 -0.957280
-6.899108 -1.109599
-6.937276 -1.276828
-7.025514 -1.458968
-7.163820 -1.656017
-7.352195 -1.867977
-7.590639 -2.094848
-7.879152 -2.336629
-8.217733 -2.593320
-8.595966 -2.861852
-8.951351 -3.123809
-9.273470 -3.376123
-9.562324 -3.618793
-9.817912 -3.851820
-10.040235 -4.075202
-10.229293 -4.288941
-10.385085 -4.493036
-10.507611 -4.687488
-10.596872 -4.872296
-10.652868 -5.047460
-10.675598 -5.212980
-10.665063 -5.368856
-10.621262 -5.515089
-10.544196 -5.651678
-10.433865 -5.778624
-10.301390 -5.895761
-10.162614 -6.002858
-10.017657 -6.099912
-9.866519 -6.186922
-9.709199 -6.263890
-9.545697 -6.330815
-9.376015 -6.387697
-9.200150 -6.434536
-9.018105 -6.471332
-8.829878 -6.498085
-8.635469 -6.514796
-8.434879 -6.521463
-8.228107 -6.518088
-8.015154 -6.504669
-7.796020 -6.481208
-7.572315 -6.449155
-7.367633 -6.429761
-7.189770 -6.430050
-7.038729 -6.450022
-6.914509 -6.489678
-6.817109 -6.549017
-6.746530 -6.628040
-6.702772 -6.726746
-6.685835 -6.845135
-6.695719 -6.983208
-6.732424 -7.140965
-6.795949 -7.318405
-6.886295 -7.515528
-7.003462 -7.732334
-7.147450 -7.968825
-7.318259 -8.224998
-7.500917 -8.491920
-7.654724 -8.745302
-7.777389 -8.983775
-7.868912 -9.207340
-7.929291 -9.415996
-7.958529 -9.609744
-7.956623 -9.788584
-7.923576 -9.952515
-7.859385 -10.101538
-7.764052 -10.235653
-7.637577 -10.354859
-7.479958 -10.459157
-7.291198 -10.548546
-7.071294 -10.623027
-6.820248 -10.682600
-6.538349 -10.727272
-6.248110 -10.757682
-5.963678 -10.774227
-5.685052 -10.776910
-5.412232 -10.765729
-5.145218 -10.740685
-4.884009 -10.701778
-4.628607 -10.649007
-4.379011 -10.582373
-4.135220 -10.501876
-3.897236 -10.407515
-3.665058 -10.299291
-3.438685 -10.177204
-3.218119 -10.041253
-3.003358 -9.891440
-2.794404 -9.727762
-2.591724 -9.552442
-2.397803 -9.377261
-2.213008 -9.203948
-2.037337 -9.032503
-1.870790 -8.862925
-1.713368 -8.695216
-1.565071 -8.529374
-1.425898 -8.365400
-1.295849 -8.203295
-1.174926 -8.043057
-1.063126 -7.884687
-0.960452 -7.728184
-0.866902 -7.573550
-0.782476 -7.420783
-0.707175 -7.269885
-0.640999 -7.120854
-0.578179 -6.979652
-0.511383 -6.853856
-0.440587 -6.743491
-0.365789 -6.648560
-0.286991 -6.569060
-0.204191 -6.504992
-0.117391 -6.456357
-0.026589 -6.423154
0.068214 -6.405383
0.167017 -6.403044
0.269822 -6.416137
0.376628 -6.444663
0.487434 -6.488621
0.602242 -6.548011
0.721051 -6.622833
0.843703 -6.712707
0.968252 -6.812959
1.094122 -6.922201
1.221312 -7.040435
1.349823 -7.167659
1.479655 -7.303874
1.610807 -7.449080
1.743280 -7.603277
1.877074 -7.766465
2.012188 -7.938643
2.148623 -8.119813
2.286378 -8.309973
2.425454 -8.509124
2.565850 -8.717266
2.707567 -8.934399
2.850605 -9.160523
2.996438 -9.388734
3.148673 -9.602158
3.307474 -9.800028
3.472841 -9.982343
3.644774 -10.149104
3.823272 -10.300311
4.008336 -10.435964
4.199965 -10.556063
4.398160 -10.660607
4.602921 -10.749597
4.814248 -10.823032
5.032141 -10.880914
5.256599 -10.923241
5.487623 -10.950014
5.725212 -10.961232
5.969068 -10.956941
6.203676 -10.939429
6.420296 -10.909988
6.618930 -10.868616
6.799575 -10.815315
6.962233 -10.750084
7.106904 -10.672922
7.233587 -10.583831
7.342282 -10.482810
7.432991 -10.369859
7.505711 -10.244978
7.560444 -10.108167
7.597190 -9.959426
7.615948 -9.798755
7.616719 -9.626154
7.599502 -9.441624
7.566114 -9.246237
7.525116 -9.045064
7.477608 -8.838754
7.423590 -8.627306
7.363061 -8.410721
7.296021 -8.188999
7.222471 -7.962139
7.142411 -7.730143
7.055840 -7.493009
6.962759 -7.250738
6.863167 -7.003330
6.757065 -6.750785
6.644452 -6.493102
6.525328 -6.230282
6.399695 -5.962325
6.267550 -5.689231
6.137176 -5.418548
6.017930 -5.158804
5.909820 -4.910008
5.812846 -4.672161
5.727009 -4.445261
5.652309 -4.229309
5.588744 -4.024304
5.536317 -3.830248
5.495025 -3.647140
5.464870 -3.474979
5.445852 -3.313767
5.437970 -3.163502
5.441224 -3.024185
5.455615 -2.895816
5.481142 -2.778395
5.517057 -2.671426
5.555535 -2.569735
5.594495 -2.471945
5.633937 -2.378056
5.673862 -2.288068
5.714270 -2.201981
5.755159 -2.119796
5.796531 -2.041511
5.838386 -1.967128
5.880723 -1.896646
5.923542 -1.830065
5.966844 -1.767385
6.010628 -1.708606
6.054894 -1.653728
6.099643 -1.602751
6.144874 -1.555676
6.196200 -1.510670
6.265958 -1.463710
6.354588 -1.414650
6.462090 -1.363492
6.588465 -1.310235
6.733712 -1.254879
6.897831 -1.197424
7.080823 -1.137871
7.282687 -1.076218
7.503423 -1.012467
7.743031 -0.946617
8.001511 -0.878668
8.278864 -0.808621
8.575089 -0.736474
8.890186 -0.662229
9.223058 -0.585922
9.532957 -0.508922
9.799265 -0.431922
10.021984 -0.354922
10.201112 -0.277922
10.336650 -0.200922
10.428598 -0.123922
10.476956 -0.046922
10.481724 0.030078
10.442901 0.107078
10.360489 0.184078
10.234486 0.261078
10.064893 0.338078
9.851710 0.415078
9.594936 0.492078
9.294573 0.569078
8.961629 0.645708
8.642404 0.720412
8.342051 0.793018
8.060570 0.863525
7.797961 0.931933
7.554224 0.998242
7.329360 1.062452
7.123368 1.124564
6.936248 1.184576
6.768001 1.242490
6.618625 1.298305
6.488122 1.352021
6.376491 1.403639
6.283733 1.453157
6.209847 1.500577
6.154833 1.545898
6.154833 1.545898
6.109496 1.592120
6.064642 1.642244
6.020270 1.696268
5.976380 1.754193
5.932973 1.816020
5.890048 1.881748
5.847606 1.951377
5.805646 2.024907
5.764168 2.102338
5.723173 2.183670
5.682660 2.268903
5.642630 2.358038
5.603082 2.451073
5.564016 2.548010
5.525433 2.648848
5.488211 2.754168
5.460247 2.869195
5.443421 2.995169
5.437730 3.132091
5.443176 3.279961
5.459758 3.438778
5.487477 3.608544
5.526333 3.789258
5.576324 3.980919
5.637452 4.183528
5.709717 4.397086
5.793118 4.621591
5.887655 4.857044
5.993329 5.103444
6.110139 5.360793
6.238086 5.629090
6.371344 5.903025
6.498402 6.172106
6.618950 6.436049
6.732987 6.694855
6.840513 6.948525
6.941529 7.197056
7.036035 7.440451
7.124030 7.678709
7.205515 7.911829
7.280489 8.139812
7.348952 8.362658
7.410905 8.580367
7.466348 8.792938
7.515280 9.000373
7.557702 9.202670
7.593338 9.399667
7.614490 9.586808
7.617654 9.762018
7.602830 9.925299
7.570020 10.076649
7.519221 10.216070
7.450435 10.343561
7.363662 10.459121
7.258901 10.562752
7.136153 10.654453
6.995417 10.734224
6.836694 10.802065
6.659983 10.857976
6.465284 10.901957
6.252599 10.934008
6.021925 10.954129
5.778060 10.961613
5.539034 10.953797
5.306574 10.930426
5.080680 10.891502
4.861351 10.837023
4.648588 10.766990
4.442391 10.681402
4.242759 10.580261
4.049693 10.463565
3.863193 10.331315
3.683259 10.183510
3.509890 10.020151
3.343087 9.841238
3.182850 9.646771
3.029179 9.436749
2.882070 9.211186
2.738744 8.983095
2.596738 8.763996
2.456053 8.553887
2.316688 8.352769
2.178644 8.160642
2.041920 7.977506
1.906517 7.803360
1.772435 7.638206
1.639673 7.482042
1.508232 7.334870
1.378111 7.196688
1.249311 7.067497
1.121832 6.947296
0.995673 6.836087
0.870835 6.733869
0.747574 6.641258
0.627890 6.563060
0.512207 6.500294
0.400525 6.452960
0.292844 6.421059
0.189164 6.404590
0.089485 6.403553
-0.006193 6.417948
-0.097870 6.447775
-0.185546 6.493035
-0.269220 6.553726
-0.348894 6.629850
-0.424567 6.721406
-0.496238 6.828395
-0.563909 6.950815
-0.627579 7.088668
-0.691919 7.237125
-0.765224 7.387615
-0.847654 7.539973
-0.939208 7.694198
-1.039887 7.850292
-1.149690 8.008254
-1.268618 8.168083
-1.396670 8.329780
-1.533847 8.493345
-1.680148 8.658778
-1.835574 8.826079
-2.000125 8.995248
-2.173800 9.166285
-2.356600 9.339189
-2.548524 9.513961
-2.749469 9.690110
-2.957153 9.856820
-3.170644 10.009666
-3.389940 10.148649
-3.615043 10.273769
-3.845951 10.385026
-4.082665 10.482419
-4.325185 10.565949
-4.573512 10.635615
-4.827644 10.691419
-5.087582 10.733359
-5.353326 10.761435
-5.624877 10.775649
-5.902233 10.775999
-6.185395 10.762486
-6.474363 10.735109
-6.761181 10.693644
-7.019039 10.637333
-7.245755 10.566113
-7.441328 10.479985
-7.605759 10.378948
-7.739047 10.263003
-7.841192 10.132150
-7.912195 9.986388
-7.952055 9.825718
-7.960773 9.650139
-7.938348 9.459652
-7.884781 9.254257
-7.800071 9.033953
-7.684218 8.798741
-7.537223 8.548621
-7.359199 8.283660
-7.182523 8.023181
-7.032668 7.782385
-6.909634 7.561272
-6.813420 7.359843
-6.744028 7.178098
-6.701456 7.016036
-6.685705 6.873657
-6.696775 6.750962
-6.734666 6.647950
-6.799378 6.564621
-6.890911 6.500977
-7.009264 6.457015
-7.154438 6.432737
-7.326433 6.428142
-7.525249 6.443231
-7.747260 6.474737
-7.967747 6.500395
-8.182052 6.516011
-8.390176 6.521583
-8.592118 6.517112
-8.787879 6.502599
-8.977458 6.478043
-9.160856 6.443443
-9.338073 6.398801
-9.509108 6.344116
-9.673961 6.279388
-9.832633 6.204617
-9.985124 6.119803
-10.131433 6.024947
-10.271561 5.920047
-10.405507 5.805104
-10.522904 5.680272
-10.607247 5.545792
-10.658324 5.401669
-10.676136 5.247902
-10.660683 5.084491
-10.611964 4.911437
-10.529979 4.728739
-10.414730 4.536397
-10.266215 4.334411
-10.084434 4.122782
-9.869388 3.901509
-9.621076 3.670592
-9.339499 3.430031
-9.024657 3.179827
-8.676549 2.919979
-8.298472 2.651458
-7.948938 2.391506
-7.649473 2.146463
-7.400077 1.916331
-7.200749 1.701110
-7.051490 1.500798
-6.952300 1.315397
-6.903179 1.144906
-6.904126 0.989326
-6.955142 0.848656
-7.056227 0.722896
-7.207381 0.612047
-7.408603 0.516108
-7.659894 0.435079
-7.961254 0.368960
-8.312682 0.317752
-8.690462 0.277931
-9.022851 0.238837
-9.304950 0.199744
-9.536758 0.160650
-9.718276 0.121556
-9.849503 0.082463
-9.930439 0.043369
-9.961085 0.004276
-9.941440 -0.034818
-9.871505 -0.073911
-9.751279 -0.113005
-9.580763 -0.152098
-9.359955 -0.191192
-9.088858 -0.230285
-8.767469 -0.269379
-8.396232 -0.308538
-8.033850 -0.356485
-7.721538 -0.419341
-7.459295 -0.497109
-7.247120 -0.589786
-7.085014 -0.697374
-6.972976 -0.819872
-6.911007 -0.957280
-6.899108 -1.109599
-6.937276 -1.276828
-7.025514 -1.458968
-7.163820 -1.656017
-7.352195 -1.867977
-7.590639 -2.094848
-7.879152 -2.336629
-8.217733 -2.593320
-8.595966 -2.861852
-8.951351 -3.123809
-9.273470 -3.376123
-9.562324 -3.618793
-9.817912 -3.851820
-10.040235 -4.075202
-10.229293 -4.288941
-10.385085 -4.493036
-10.507611 -4.687488
-10.596872 -4.872296
-10.652868 -5.047460
-10.675598 -5.212980
-10.665063 -5.368856
-10.621262 -5.515089
-10.544196 -5.651678
-10.433865 -5.778624
-10.301390 -5.895761
-10.162614 -6.002858
-10.017657 -6.099912
-9.866519 -6.186922
-9.709199 -6.263890
-9.545697 -6.330815
-9.376015 -6.387697
-9.200150 -6.434536
-9.018105 -6.471332
-8.829878 -6.498085
-8.635469 -6.514796
-8.434879 -6.521463
-8.228107 -6.518088
-8.015154 -6.504669
-7.796020 -6.481208
-7.572315 -6.449155
-7.367633 -6.429761
-7.189770 -6.430050
-7.038729 -6.450022
-6.914509 -6.489678
-6.817109 -6.549017
-6.746530 -6.628040
-6.702772 -6.726746
-6.685835 -6.845135
-6.695719 -6.983208
-6.732424 -7.140965
-6.795949 -7.318405
-6.886295 -7.515528
-7.003462 -7.732334
-7.147450 -7.968825
-7.318259 -8.224998
-7.500917 -8.491920
-7.654724 -8.745302
-7.777389 -8.983775
-7.868912 -9.207340
-7.929291 -9.415996
-7.958529 -9.609744
-7.956623 -9.788584
-7.923576 -9.952515
-7.859385 -10.101538
-7.764052 -10.235653
-7.637577 -10.354859
-7.479958 -10.459157
-7.291198 -10.548546
-7.071294 -10.623027
-6.820248 -10.682600
-6.538349 -10.727272
-6.248110 -10.757682
-5.963678 -10.774227
-5.685052 -10.776910
-5.412232 -10.765729
-5.145218 -10.740685
-4.884009 -10.701778
-4.628607 -10.649007
-4.379011 -10.582373
-4.135220 -10.501876
-3.897236 -10.407515
-3.665058 -10.299291
-3.438685 -10.177204
-3.218119 -10.041253
-3.003358 -9.891440
-2.794404 -9.727762
-2.591724 -9.552442
-2.397803 -9.377261
-2.213008 -9.203948
-2.037337 -9.032503
-1.870790 -8.862925
-1.713368 -8.695216
-1.565071 -8.529374
-1.425898 -8.365400
-1.295849 -8.203295
-1.174926 -8.043057
-1.063126 -7.884687
-0.960452 -7.728184
-0.866902 -7.573550
-0.782476 -7.420783
-0.707175 -7.269885
-0.640999 -7.120854
-0.578179 -6.979652
-0.511383 -6.853856
-0.440587 -6.743491
-0.365789 -6.648560
-0.286991 -6.569060
-0.204191 -6.504992
-0.117391 -6.456357
-0.026589 -6.423154
0.068214 -6.405383
0.167017 -6.403044
0.269822 -6.416137
0.376628 -6.444663
0.487434 -6.488621
0.602242 -6.548011
0.721051 -6.622833
0.843703 -6.712707
0.968252 -6.812959
1.094122 -6.922201
1.221312 -7.040435
1.349823 -7.167659
1.479655 -7.303874
1.610807 -7.449080
1.743280 -7.603277
1.877074 -7.766465
2.012188 -7.938643
2.148623 -8.119813
2.286378 -8.309973
2.425454 -8.509124
2.565850 -8.717266
2.707567 -8.934399
2.850605 -9.160523
2.996438 -9.388734
3.148673 -9.602158
3.307474 -9.800028
3.472841 -9.982343
3.644774 -10.149104
3.823272 -10.300311
4.008336 -10.435964
4.199965 -10.556063
4.398160 -10.660607
4.602921 -10.749597
4.814248 -10.823032
5.032141 -10.880914
5.256599 -10.923241
5.487623 -10.950014
5.725212 -10.961232
5.969068 -10.956941
6.203676 -10.939429
6.420296 -10.909988
6.618930 -10.868616
6.799575 -10.815315
6.962233 -10.750084
7.106904 -10.672922
7.233587 -10.583831
7.342282 -10.482810
7.432991 -10.369859
7.505711 -10.244978
7.560444 -10.108167
7.597190 -9.959426
7.615948 -9.798755
7.616719 -9.626154
7.599502 -9.441624
7.566114 -9.246237
7.525116 -9.045064
7.477608 -8.838754
7.423590 -8.627306
7.363061 -8.410721
7.296021 -8.188999
7.222471 -7.962139
7.142411 -7.730143
7.055840 -7.493009
6.962759 -7.250738
6.863167 -7.003330
6.757065 -6.750785
6.644452 -6.493102
6.525328 -6.230282
6.399695 -5.962325
6.267550 -5.689231
6.137176 -5.418548
6.017930 -5.158804
5.909820 -4.910008
5.812846 -4.672161
5.727009 -4.445261
5.652309 -4.229309
5.588744 -4.024304
5.536317 -3.830248
5.495025 -3.647140
5.464870 -3.474979
5.445852 -3.313767
5.437970 -3.163502
5.441224 -3.024185
5.455615 -2.895816
5.481142 -2.778395
5.517057 -2.671426
5.555535 -2.569735
5.594495 -2.471945
5.633937 -2.378056
5.673862 -2.288068
5.714270 -2.201981
5.755159 -2.119796
5.796531 -2.041511
5.838386 -1.967128
5.880723 -1.896646
5.923542 -1.830065
5.966844 -1.767385
6.010628 -1.708606
6.054894 -1.653728
6.099643 -1.602751
6.144874 -1.555676
6.196200 -1.510670
6.265958 -1.463710
6.354588 -1.414650
6.462090 -1.363492
6.588465 -1.310235
6.733712 -1.254879
6.897831 -1.197424
7.080823 -1.137871
7.282687 -1.076218
7.503423 -1.012467
7.743031 -0.946617
8.001511 -0.878668
8.278864 -0.808621
8.575089 -0.736474
8.890186 -0.662229
9.223058 -0.585922
9.532957 -0.508922
9.799265 -0.431922
10.021984 -0.354922
10.201112 -0.277922
10.336650 -0.200922
10.428598 -0.123922
10.476956 -0.046922
10.481724 0.030078
10.442901 0.107078
10.360489 0.184078
10.234486 0.261078
10.064893 0.338078
9.851710 0.415078
9.594936 0.492078
9.294573 0.569078
8.961629 0.645708
8.642404 0.720412
8.342051 0.793018
8.060570 0.863525
7.797961 0.931933
7.554224 0.998242
7.329360 1.062452
7.123368 1.124564
6.936248 1.184576
6.768001 1.242490
6.618625 1.298305
6.488122 1.352021
6.376491 1.403639
6.283733 1.453157
6.209847 1.500577
6.154833 1.545898
8.992127 7.414674
8.788356 7.493040
8.587752 7.571708
8.390315 7.650675
8.196045 7.729943
8.004943 7.809512
7.817007 7.889381
7.632239 7.969550
7.450637 8.050020
7.272203 8.130791
7.096936 8.211862
6.924835 8.293233
6.755902 8.374905
6.590136 8.456877
6.427537 8.539150
6.268105 8.621723
6.111841 8.704596
5.958743 8.787771
5.808812 8.871245
5.662049 8.955020
5.518452 9.039095
5.378023 9.123471
5.240760 9.208148
5.106665 9.293125
4.975737 9.378402
4.847976 9.463979
4.723382 9.549858
4.601955 9.636036
4.483695 9.722515
4.368602 9.809295
4.256676 9.896375
4.147918 9.983755
4.042326 10.071436
3.939902 10.159418
3.840644 10.247700
3.744554 10.336282
3.651631 10.425165
3.561875 10.514348
3.475285 10.603831
3.391863 10.693616
3.311608 10.783700
3.234521 10.874085
3.160185 10.964083
3.085047 11.047812
3.008294 11.123923
2.929926 11.192418
2.849942 11.253296
2.768343 11.306557
2.685128 11.352201
2.600298 11.390228
2.513853 11.420639
2.425792 11.443432
2.336116 11.458609
2.244824 11.466169
2.151917 11.466112
2.057395 11.458438
1.961257 11.443147
1.863504 11.420240
1.764136 11.389715
1.663152 11.351574
1.560552 11.305816
1.456338 11.252441
1.350508 11.191449
1.243062 11.122841
1.134001 11.046615
1.023325 10.962773
0.911034 10.871313
0.797126 10.772237
0.681604 10.665544
0.564466 10.551235
0.445713 10.429308
0.325344 10.299764
0.203360 10.162604
0.079761 10.017827
-0.045454 9.865433
-0.172284 9.705422
-0.300729 9.537794
-0.430790 9.362549
-0.562467 9.179688
-0.695759 8.989209
-0.830666 8.791114
-0.967188 8.585402
-1.105326 8.372073
-1.245079 8.151128
-1.385074 7.926506
-1.522780 7.705461
-1.658143 7.488151
-1.791164 7.274574
-1.921841 7.064732
-2.050176 6.858624
-2.176167 6.656250
-2.299816 6.457610
-2.421121 6.262704
-2.540084 6.071532
-2.656704 5.884095
-2.770981 5.700391
-2.882914 5.520422
-2.992505 5.344187
-3.099753 5.171686
-3.204658 5.002920
-3.307220 4.837887
-3.407439 4.676588
-3.505315 4.519024
-3.600848 4.365194
-3.694039 4.215098
-3.784886 4.068736
-3.873390 3.926108
-3.959551 3.787215
-4.043370 3.652055
-4.124845 3.520630
-4.203978 3.392939
-4.280767 3.268982
-4.355214 3.148759
-4.427317 3.032270
-4.497078 2.919516
-4.564496 2.810495
-4.629571 2.705209
-4.692302 2.603657
-4.752691 2.505839
-4.810737 2.411755
-4.866440 2.321405
-4.919800 2.234790
-4.970817 2.151908
-5.019491 2.072761
-5.065822 1.997348
-5.109997 1.925597
-5.156116 1.855923
-5.205858 1.787677
-5.259222 1.720859
-5.316208 1.655469
-5.376817 1.591507
-5.441048 1.528973
-5.508902 1.467868
-5.580378 1.408191
-5.655476 1.349941
-5.734197 1.293120
-5.816540 1.237728
-5.902505 1.183763
-5.992093 1.131226
-6.085304 1.080118
-6.182136 1.030437
-6.282591 0.982185
-6.386669 0.935361
-6.494369 0.889965
-6.605691 0.845998
-6.720636 0.803458
-6.839203 0.762347
-6.961392 0.722663
-7.087204 0.684408
-7.216638 0.647581
-7.349695 0.612182
-7.486374 0.578211
-7.626675 0.545669
-7.770599 0.514554
-7.918145 0.484868
-8.069313 0.456610
-8.224104 0.429780
-8.382517 0.404378
-8.544553 0.380404
-8.710211 0.357859
-8.879492 0.336741
-9.052395 0.317052
-9.228920 0.298791
-9.409067 0.281958
-9.592837 0.266553
-9.780230 0.252576
-9.971245 0.240027
-10.163003 0.228590
-10.346149 0.217231
-10.519962 0.205873
-10.684444 0.194514
-10.839593 0.183156
-10.985409 0.171797
-11.121894 0.160439
-11.249046 0.149080
-11.366866 0.137722
-11.475353 0.126363
-11.574509 0.115005
-11.664332 0.103646
-11.744823 0.092288
-11.815981 0.080929
-11.877808 0.069571
-11.930302 0.058212
-11.973463 0.046854
-12.007293 0.035495
-12.031790 0.024137
-12.046955 0.012778
-12.052788 0.001420
-12.049288 -0.009939
-12.036456 -0.021297
-12.014292 -0.032656
-11.982796 -0.044014
-11.941967 -0.055373
-11.891806 -0.066731
-11.832313 -0.078090
-11.763487 -0.089448
-11.685330 -0.100807
-11.597840 -0.112165
-11.501017 -0.123524
-11.394863 -0.134882
-11.279376 -0.146241
-11.154557 -0.157599
-11.020405 -0.168957
-10.876922 -0.180316
-10.724106 -0.191674
-10.561958 -0.203033
-10.390477 -0.214391
-10.209664 -0.225750
-10.019564 -0.237113
-9.827644 -0.249305
-9.639346 -0.262925
-9.454670 -0.277973
-9.273617 -0.294449
-9.096186 -0.312353
-8.922378 -0.331685
-8.752192 -0.352445
-8.585628 -0.374634
-8.422687 -0.398251
-8.263368 -0.423295
-8.107671 -0.449768
-7.955597 -0.477670
-7.807146 -0.506999
-7.662316 -0.537756
-7.521109 -0.569942
-7.383525 -0.603556
-7.249563 -0.638597
-7.119223 -0.675067
-6.992505 -0.712966
-6.869410 -0.752292
-6.749938 -0.793046
-6.634088 -0.835229
-6.521860 -0.878840
-6.413254 -0.923878
-6.308271 -0.970345
-6.206911 -1.018241
-6.109172 -1.067564
-6.015056 -1.118315
-5.924563 -1.170495
-5.837692 -1.224102
-5.754443 -1.279138
-5.674817 -1.335602
-5.598813 -1.393494
-5.526431 -1.452815
-5.457672 -1.513563
-5.392535 -1.575740
-5.331021 -1.639344
-5.273129 -1.704377
-5.218859 -1.770838
-5.168212 -1.838727
-5.121187 -1.908045
-5.077039 -1.979078
-5.031294 -2.053558
-4.983205 -2.131772
-4.932774 -2.213719
-4.880000 -2.299401
-4.824883 -2.388818
-4.767422 -2.481968
-4.707619 -2.578852
-4.645473 -2.679471
-4.580984 -2.783824
-4.514152 -2.891911
-4.444977 -3.003732
-4.373459 -3.119287
-4.299599 -3.238576
-4.223395 -3.361600
-4.144848 -3.488357
-4.063958 -3.618849
-3.980726 -3.753075
-3.895150 -3.891035
-3.807232 -4.032729
-3.716970 -4.178157
-3.624366 -4.327320
-3.529418 -4.480216
-3.432128 -4.636847
-3.332495 -4.797212
-3.230518 -4.961311
-3.126199 -5.129144
-3.019537 -5.300712
-2.910532 -5.476013
-2.799184 -5.655049
-2.685493 -5.837819
-2.569459 -6.024323
-2.451082 -6.214561
-2.330362 -6.408533
-2.207299 -6.606240
-2.081893 -6.807680
-1.954144 -7.012855
-1.824053 -7.221764
-1.691618 -7.434407
-1.556840 -7.650784
-1.419720 -7.870895
-1.280256 -8.094740
-1.140113 -8.317551
-1.001571 -8.532784
-0.864645 -8.740400
-0.729334 -8.940400
-0.595638 -9.132782
-0.463558 -9.317548
-0.333093 -9.494697
-0.204244 -9.664229
-0.077010 -9.826144
0.048609 -9.980442
0.172612 -10.127124
0.295000 -10.266188
0.415772 -10.397636
0.534929 -10.521467
0.652471 -10.637681
0.768397 -10.746278
0.882708 -10.847258
0.995404 -10.940622
1.106484 -11.026368
1.215948 -11.104498
1.323798 -11.175011
1.430032 -11.237907
1.534650 -11.293186
1.637653 -11.340849
1.739041 -11.380894
1.838813 -11.413323
1.936970 -11.438135
2.033512 -11.455329
2.128438 -11.464908
2.221749 -11.466869
2.313444 -11.461213
2.403524 -11.447941
2.491989 -11.427051
2.578838 -11.398545
2.664072 -11.362422
2.747690 -11.318682
2.829694 -11.267325
2.910081 -11.208352
2.988853 -11.141761
3.066010 -11.067554
3.141552 -10.985730
3.215744 -10.896728
3.292040 -10.806268
3.371503 -10.716109
3.454133 -10.626249
3.539930 -10.536691
3.628895 -10.447432
3.721026 -10.358474
3.816325 -10.269817
3.914790 -10.181460
4.016423 -10.093404
4.121223 -10.005647
4.229190 -9.918192
4.340324 -9.831037
4.454625 -9.744182
4.572093 -9.657628
4.692728 -9.571374
4.816530 -9.485421
4.943500 -9.399768
5.073636 -9.314416
5.206940 -9.229364
5.343410 -9.144612
5.483048 -9.060161
5.625852 -8.976011
5.771824 -8.892161
5.920963 -8.808611
6.073269 -8.725362
6.228742 -8.642413
6.387382 -8.559765
6.549190 -8.477417
6.714164 -8.395370
6.882305 -8.313623
7.053614 -8.232176
7.228089 -8.151030
7.405732 -8.070185
7.586541 -7.989640
7.770518 -7.909395
7.957662 -7.829451
8.147973 -7.749807
8.341451 -7.670464
8.538096 -7.591421
8.737908 -7.512679
8.940887 -7.434237
9.143763 -7.355599
9.338541 -7.275549
9.524858 -7.194033
9.702713 -7.111050
9.872107 -7.026601
10.033039 -6.940685
10.185510 -6.853302
10.329520 -6.764453
10.465069 -6.674138
10.592156 -6.582356
10.710782 -6.489107
10.820946 -6.394392
10.922649 -6.298210
11.015891 -6.200562
11.100672 -6.101447
11.176991 -6.000865
11.244849 -5.898817
11.304245 -5.795303
11.355181 -5.690322
11.397654 -5.583874
11.431667 -5.475960
11.457218 -5.366579
11.474308 -5.255732
11.482936 -5.143418
11.483104 -5.029638
11.474810 -4.914391
11.458054 -4.797678
11.432837 -4.679498
11.399159 -4.559851
11.357020 -4.438738
11.306419 -4.316159
11.247357 -4.192112
11.179833 -4.066600
11.103848 -3.939620
11.019402 -3.811175
10.926495 -3.681262
10.825126 -3.549883
10.715296 -3.417038
10.597004 -3.282726
10.470251 -3.146947
10.335037 -3.009702
10.191577 -2.871011
10.049778 -2.731810
9.915025 -2.592610
9.787319 -2.453409
9.666658 -2.314209
9.553042 -2.175008
9.446473 -2.035808
9.346950 -1.896607
9.254473 -1.757407
9.169041 -1.618206
9.090655 -1.479006
9.019316 -1.339805
8.955022 -1.200604
8.897774 -1.061404
8.847572 -0.922203
8.804416 -0.783003
8.768306 -0.643802
8.739241 -0.504602
8.717223 -0.365401
8.702250 -0.226201
8.694324 -0.087000
8.693443 0.052200
8.699608 0.191401
8.712819 0.330601
8.733076 0.469802
8.760379 0.609002
8.794728 0.748203
8.836122 0.887403
8.884563 1.026604
8.940049 1.165804
9.002582 1.305005
9.072160 1.444205
9.148784 1.583406
9.232454 1.722606
9.323170 1.861807
9.420932 2.001007
9.525740 2.140208
9.637593 2.279409
9.756493 2.418609
9.882438 2.557810
10.015429 2.697010
10.155467 2.836211
10.299911 2.975162
10.437241 3.112773
10.566109 3.248919
10.686516 3.383597
10.798461 3.516809
10.901946 3.648555
10.996968 3.778834
11.083530 3.907646
11.161630 4.034992
11.231269 4.160872
11.292446 4.285284
11.345163 4.408231
11.389417 4.529710
11.425211 4.649724
11.452543 4.768270
11.471414 4.885350
11.481823 5.000964
11.483772 5.115111
11.477258 5.227791
11.462284 5.339005
11.438848 5.448752
11.406951 5.557033
11.366592 5.663847
11.317772 5.769195
11.260491 5.873076
11.194749 5.975491
11.120545 6.076439
11.037880 6.175920
10.946753 6.273935
10.847165 6.370484
10.739116 6.465566
10.622606 6.559181
10.497634 6.651330
10.364201 6.742012
10.222306 6.831227
10.071950 6.918977
9.913133 7.005259
9.745854 7.090075
9.570115 7.173425
9.385913 7.255307
9.193251 7.335724
8.992127 7.414674
8.992127 7.414674
8.788356 7.493040
8.587752 7.571708
8.390315 7.650675
8.196045 7.729943
8.004943 7.809512
7.817007 7.889381
7.632239 7.969550
7.450637 8.050020
7.272203 8.130791
7.096936 8.211862
6.924835 8.293233
6.755902 8.374905
6.590136 8.456877
6.427537 8.539150
6.268105 8.621723
6.111841 8.704596
5.958743 8.787771
5.808812 8.871245
5.662049 8.955020
5.518452 9.039095
5.378023 9.123471
5.240760 9.208148
5.106665 9.293125
4.975737 9.378402
4.847976 9.463979
4.723382 9.549858
4.601955 9.636036
4.483695 9.722515
4.368602 9.809295
4.256676 9.896375
4.147918 9.983755
4.042326 10.071436
3.939902 10.159418
3.840644 10.247700
3.744554 10.336282
3.651631 10.425165
3.561875 10.514348
3.475285 10.603831
3.391863 10.693616
3.311608 10.783700
3.234521 10.874085
3.160185 10.964083
3.085047 11.047812
3.008294 11.123923
2.929926 11.192418
2.849942 11.253296
2.768343 11.306557
2.685128 11.352201
2.600298 11.390228
2.513853 11.420639
2.425792 11.443432
2.336116 11.458609
2.244824 11.466169
2.151917 11.466112
2.057395 11.458438
1.961257 11.443147
1.863504 11.420240
1.764136 11.389715
1.663152 11.351574
1.560552 11.305816
1.456338 11.252441
1.350508 11.191449
1.243062 11.122841
1.134001 11.046615
1.023325 10.962773
0.911034 10.871313
0.797126 10.772237
0.681604 10.665544
0.564466 10.551235
0.445713 10.429308
0.325344 10.299764
0.203360 10.162604
0.079761 10.017827
-0.045454 9.865433
-0.172284 9.705422
-0.300729 9.537794
-0.430790 9.362549
-0.562467 9.179688
-0.695759 8.989209
-0.830666 8.791114
-0.967188 8.585402
-1.105326 8.372073
-1.245079 8.151128
-1.385074 7.926506
-1.522780 7.705461
-1.658143 7.488151
-1.791164 7.274574
-1.921841 7.064732
-2.050176 6.858624
-2.176167 6.656250
-2.299816 6.457610
-2.421121 6.262704
-2.540084 6.071532
-2.656704 5.884095
-2.770981 5.700391
-2.882914 5.520422
-2.992505 5.344187
-3.099753 5.171686
-3.204658 5.002920
-3.307220 4.837887
-3.407439 4.676588
-3.505315 4.519024
-3.600848 4.365194
-3.694039 4.215098
-3.784886 4.068736
-3.873390 3.926108
-3.959551 3.787215
-4.043370 3.652055
-4.124845 3.520630
-4.203978 3.392939
-4.280767 3.268982
-4.355214 3.148759
-4.427317 3.032270
-4.497078 2.919516
-4.564496 2.810495
-4.629571 2.705209
-4.692302 2.603657
-4.752691 2.505839
-4.810737 2.411755
-4.866440 2.321405
-4.919800 2.234790
-4.970817 2.151908
-5.019491 2.072761
-5.065822 1.997348
-5.109997 1.925597
-5.156116 1.855923
-5.205858 1.787677
-5.259222 1.720859
-5.316208 1.655469
-5.376817 1.591507
-5.441048 1.528973
-5.508902 1.467868
-5.580378 1.408191
-5.655476 1.349941
-5.734197 1.293120
-5.816540 1.237728
-5.902505 1.183763
-5.992093 1.131226
-6.085304 1.080118
-6.182136 1.030437
-6.282591 0.982185
-6.386669 0.935361
-6.494369 0.889965
-6.605691 0.845998
-6.720636 0.803458
-6.839203 0.762347
-6.961392 0.722663
-7.087204 0.684408
-7.216638 0.647581
-7.349695 0.612182
-7.486374 0.578211
-7.626675 0.545669
-7.770599 0.514554
-7.918145 0.484868
-8.069313 0.456610
-8.224104 0.429780
-8.382517 0.404378
-8.544553 0.380404
-8.710211 0.357859
-8.879492 0.336741
-9.052395 0.317052
-9.228920 0.298791
-9.409067 0.281958
-9.592837 0.266553
-9.780230 0.252576
-9.971245 0.240027
-10.163003 0.228590
-10.346149 0.217231
-10.519962 0.205873
-10.684444 0.194514
-10.839593 0.183156
-10.985409 0.171797
-11.121894 0.160439
-11.249046 0.149080
-11.366866 0.137722
-11.475353 0.126363
-11.574509 0.115005
-11.664332 0.103646
-11.744823 0.092288
-11.815981 0.080929
-11.877808 0.069571
-11.930302 0.058212
-11.973463 0.046854
-12.007293 0.035495
-12.031790 0.024137
-12.046955 0.012778
-12.052788 0.001420
-12.049288 -0.009939
-12.036456 -0.021297
-12.014292 -0.032656
-11.982796 -0.044014
-11.941967 -0.055373
-11.891806 -0.066731
-11.832313 -0.078090
-11.763487 -0.089448
-11.685330 -0.100807
-11.597840 -0.112165
-11.501017 -0.123524
-11.394863 -0.134882
-11.279376 -0.146241
-11.154557 -0.157599
-11.020405 -0.168957
-10.876922 -0.180316
-10.724106 -0.191674
-10.561958 -0.203033
-10.390477 -0.214391
-10.209664 -0.225750
-10.019564 -0.237113
-9.827644 -0.249305
-9.639346 -0.262925
-9.454670 -0.277973
-9.273617 -0.294449
-9.096186 -0.312353
-8.922378 -0.331685
-8.752192 -0.352445
-8.585628 -0.374634
-8.422687 -0.398251
-8.263368 -0.423295
-8.107671 -0.449768
-7.955597 -0.477670
-7.807146 -0.506999
-7.662316 -0.537756
-7.521109 -0.569942
-7.383525 -0.603556
-7.249563 -0.638597
-7.119223 -0.675067
-6.992505 -0.712966
-6.869410 -0.752292
-6.749938 -0.793046
-6.634088 -0.835229
-6.521860 -0.878840
-6.413254 -0.923878
-6.308271 -0.970345
-6.206911 -1.018241
-6.109172 -1.067564
-6.015056 -1.118315
-5.924563 -1.170495
-5.837692 -1.224102
-5.754443 -1.279138
-5.674817 -1.335602
-5.598813 -1.393494
-5.526431 -1.452815
-5.457672 -1.513563
-5.392535 -1.575740
-5.331021 -1.639344
-5.273129 -1.704377
-5.218859 -1.770838
-5.168212 -1.838727
-5.121187 -1.908045
-5.077039 -1.979078
-5.031294 -2.053558
-4.983205 -2.131772
-4.932774 -2.213719
-4.880000 -2.299401
-4.824883 -2.388818
-4.767422 -2.481968
-4.707619 -2.578852
-4.645473 -2.679471
-4.580984 -2.783824
-4.514152 -2.891911
-4.444977 -3.003732
-4.373459 -3.119287
-4.299599 -3.238576
-4.223395 -3.361600
-4.144848 -3.488357
-4.063958 -3.618849
-3.980726 -3.753075
-3.895150 -3.891035
-3.807232 -4.032729
-3.716970 -4.178157
-3.624366 -4.327320
-3.529418 -4.480216
-3.432128 -4.636847
-3.332495 -4.797212
-3.230518 -4.961311
-3.126199 -5.129144
-3.019537 -5.300712
-2.910532 -5.476013
-2.799184 -5.655049
-2.685493 -5.837819
-2.569459 -6.024323
-2.451082 -6.214561
-2.330362 -6.408533
-2.207299 -6.606240
-2.081893 -6.807680
-1.954144 -7.012855
-1.824053 -7.221764
-1.691618 -7.434407
-1.556840 -7.650784
-1.419720 -7.870895
-1.280256 -8.094740
-1.140113 -8.317551
-1.001571 -8.532784
-0.864645 -8.740400
-0.729334 -8.940400
-0.595638 -9.132782
-0.463558 -9.317548
-0.333093 -9.494697
-0.204244 -9.664229
-0.077010 -9.826144
0.048609 -9.980442
0.172612 -10.127124
0.295000 -10.266188
0.415772 -10.397636
0.534929 -10.521467
0.652471 -10.637681
0.768397 -10.746278
0.882708 -10.847258
0.995404 -10.940622
1.106484 -11.026368
1.215948 -11.104498
1.323798 -11.175011
1.430032 -11.237907
1.534650 -11.293186
1.637653 -11.340849
1.739041 -11.380894
1.838813 -11.413323
1.936970 -11.438135
2.033512 -11.455329
2.128438 -11.464908
2.221749 -11.466869
2.313444 -11.461213
2.403524 -11.447941
2.491989 -11.427051
2.578838 -11.398545
2.664072 -11.362422
2.747690 -11.318682
2.829694 -11.267325
2.910081 -11.208352
2.988853 -11.141761
3.066010 -11.067554
3.141552 -10.985730
3.215744 -10.896728
3.292040 -10.806268
3.371503 -10.716109
3.454133 -10.626249
3.539930 -10.536691
3.628895 -10.447432
3.721026 -10.358474
3.816325 -10.269817
3.914790 -10.181460
4.016423 -10.093404
4.121223 -10.005647
4.229190 -9.918192
4.340324 -9.831037
4.454625 -9.744182
4.572093 -9.657628
4.692728 -9.571374
4.816530 -9.485421
4.943500 -9.399768
5.073636 -9.314416
5.206940 -9.229364
5.343410 -9.144612
5.483048 -9.060161
5.625852 -8.976011
5.771824 -8.892161
5.920963 -8.808611
6.073269 -8.725362
6.228742 -8.642413
6.387382 -8.559765
6.549190 -8.477417
6.714164 -8.395370
6.882305 -8.313623
7.053614 -8.232176
7.228089 -8.151030
7.405732 -8.070185
7.586541 -7.989640
7.770518 -7.909395
7.957662 -7.829451
8.147973 -7.749807
8.341451 -7.670464
8.538096 -7.591421
8.737908 -7.512679
8.940887 -7.434237
9.143763 -7.355599
9.338541 -7.275549
9.524858 -7.194033
9.702713 -7.111050
9.872107 -7.026601
10.033039 -6.940685
10.185510 -6.853302
10.329520 -6.764453
10.465069 -6.674138
10.592156 -6.582356
10.710782 -6.489107
10.820946 -6.394392
10.922649 -6.298210
11.015891 -6.200562
11.100672 -6.101447
11.176991 -6.000865
11.244849 -5.898817
11.304245 -5.795303
11.355181 -5.690322
11.397654 -5.583874
11.431667 -5.475960
11.457218 -5.366579
11.474308 -5.255732
11.482936 -5.143418
11.483104 -5.029638
11.474810 -4.914391
11.458054 -4.797678
11.432837 -4.679498
11.399159 -4.559851
11.357020 -4.438738
11.306419 -4.316159
11.247357 -4.192112
11.179833 -4.066600
11.103848 -3.939620
11.019402 -3.811175
10.926495 -3.681262
10.825126 -3.549883
10.715296 -3.417038
10.597004 -3.282726
10.470251 -3.146947
10.335037 -3.009702
10.191577 -2.871011
10.049778 -2.731810
9.915025 -2.592610
9.787319 -2.453409
9.666658 -2.314209
9.553042 -2.175008
9.446473 -2.035808
9.346950 -1.896607
9.254473 -1.757407
9.169041 -1.618206
9.090655 -1.479006
9.019316 -1.339805
8.955022 -1.200604
8.897774 -1.061404
8.847572 -0.922203
8.804416 -0.783003
8.768306 -0.643802
8.739241 -0.504602
8.717223 -0.365401
8.702250 -0.226201
8.694324 -0.087000
8.693443 0.052200
8.699608 0.191401
8.712819 0.330601
8.733076 0.469802
8.760379 0.609002
8.794728 0.748203
8.836122 0.887403
8.884563 1.026604
8.940049 1.165804
9.002582 1.305005
9.072160 1.444205
9.148784 1.583406
9.232454 1.722606
9.323170 1.861807
9.420932 2.001007
9.525740 2.140208
9.637593 2.279409
9.756493 2.418609
9.882438 2.557810
10.015429 2.697010
10.155467 2.836211
10.299911 2.975162
10.437241 3.112773
10.566109 3.248919
10.686516 3.383597
10.798461 3.516809
10.901946 3.648555
10.996968 3.778834
11.083530 3.907646
11.161630 4.034992
11.231269 4.160872
11.292446 4.285284
11.345163 4.408231
11.389417 4.529710
11.425211 4.649724
11.452543 4.768270
11.471414 4.885350
11.481823 5.000964
11.483772 5.115111
11.477258 5.227791
11.462284 5.339005
11.438848 5.448752
11.406951 5.557033
11.366592 5.663847
11.317772 5.769195
11.260491 5.873076
11.194749 5.975491
11.120545 6.076439
11.037880 6.175920
10.946753 6.273935
10.847165 6.370484
10.739116 6.465566
10.622606 6.559181
10.497634 6.651330
10.364201 6.742012
10.222306 6.831227
10.071950 6.918977
9.913133 7.005259
9.745854 7.090075
9.570115 7.173425
9.385913 7.255307
9.193251 7.335724
8.992127 7.414674
